fed;slot;oh;vfat;channel
1467;1;0;0;125
1467;1;0;0;126
1467;1;0;0;127
1467;1;0;1;125
1467;1;0;1;126
1467;1;0;1;127
1467;1;0;2;0
1467;1;0;2;2
1467;1;0;2;3
1467;1;0;3;0
1467;1;0;3;2
1467;1;0;3;3
1467;1;0;4;125
1467;1;0;4;126
1467;1;0;4;127
1467;1;0;5;0
1467;1;0;5;2
1467;1;0;5;3
1467;1;0;6;122
1467;1;0;6;125
1467;1;0;6;126
1467;1;0;6;127
1467;1;0;7;0
1467;1;0;7;2
1467;1;0;8;0
1467;1;0;8;2
1467;1;0;8;3
1467;1;0;8;126
1467;1;0;9;0
1467;1;0;9;1
1467;1;0;9;2
1467;1;0;9;3
1467;1;0;9;126
1467;1;0;10;0
1467;1;0;10;2
1467;1;0;10;3
1467;1;0;12;125
1467;1;0;12;126
1467;1;0;12;127
1467;1;0;13;0
1467;1;0;13;1
1467;1;0;13;2
1467;1;0;13;3
1467;1;0;13;4
1467;1;0;13;126
1467;1;0;14;0
1467;1;0;14;124
1467;1;0;14;125
1467;1;0;14;126
1467;1;0;14;127
1467;1;0;15;0
1467;1;0;15;1
1467;1;0;15;2
1467;1;0;15;3
1467;1;0;16;0
1467;1;0;16;2
1467;1;0;16;3
1467;1;0;17;0
1467;1;0;17;2
1467;1;0;17;3
1467;1;0;17;7
1467;1;0;18;122
1467;1;0;18;125
1467;1;0;18;126
1467;1;0;18;127
1467;1;0;19;126
1467;1;0;19;127
1467;1;0;20;0
1467;1;0;20;2
1467;1;0;20;3
1467;1;0;21;125
1467;1;0;21;126
1467;1;0;21;127
1467;1;0;22;0
1467;1;0;22;2
1467;1;0;22;3
1467;1;0;23;126
1467;1;1;0;126
1467;1;1;0;127
1467;1;1;1;125
1467;1;1;1;126
1467;1;1;1;127
1467;1;1;2;0
1467;1;1;2;2
1467;1;1;2;3
1467;1;1;3;0
1467;1;1;3;2
1467;1;1;3;16
1467;1;1;3;20
1467;1;1;4;125
1467;1;1;4;126
1467;1;1;4;127
1467;1;1;5;0
1467;1;1;5;2
1467;1;1;6;123
1467;1;1;6;125
1467;1;1;6;126
1467;1;1;6;127
1467;1;1;7;0
1467;1;1;7;6
1467;1;1;7;52
1467;1;1;7;53
1467;1;1;8;0
1467;1;1;8;2
1467;1;1;8;16
1467;1;1;8;57
1467;1;1;8;60
1467;1;1;8;126
1467;1;1;9;0
1467;1;1;9;2
1467;1;1;10;0
1467;1;1;10;2
1467;1;1;11;3
1467;1;1;11;34
1467;1;1;12;125
1467;1;1;12;126
1467;1;1;13;0
1467;1;1;13;1
1467;1;1;13;2
1467;1;1;13;3
1467;1;1;14;125
1467;1;1;14;126
1467;1;1;15;0
1467;1;1;15;2
1467;1;1;16;0
1467;1;1;16;2
1467;1;1;16;3
1467;1;1;17;0
1467;1;1;17;11
1467;1;1;18;125
1467;1;1;18;126
1467;1;1;18;127
1467;1;1;19;126
1467;1;1;20;0
1467;1;1;20;2
1467;1;1;20;3
1467;1;1;21;125
1467;1;1;21;126
1467;1;1;21;127
1467;1;1;22;0
1467;1;1;23;125
1467;1;1;23;126
1467;1;1;23;127
1467;1;2;0;126
1467;1;2;1;126
1467;1;2;1;127
1467;1;2;2;2
1467;1;2;2;3
1467;1;2;3;2
1467;1;2;3;3
1467;1;2;4;0
1467;1;2;4;2
1467;1;2;4;3
1467;1;2;5;1
1467;1;2;5;2
1467;1;2;5;3
1467;1;2;5;4
1467;1;2;5;6
1467;1;2;6;0
1467;1;2;6;2
1467;1;2;7;0
1467;1;2;7;2
1467;1;2;8;0
1467;1;2;9;0
1467;1;2;9;2
1467;1;2;10;0
1467;1;2;10;2
1467;1;2;12;0
1467;1;2;12;2
1467;1;2;12;3
1467;1;2;13;1
1467;1;2;13;2
1467;1;2;14;0
1467;1;2;15;0
1467;1;2;15;2
1467;1;2;17;2
1467;1;2;18;125
1467;1;2;18;126
1467;1;2;19;126
1467;1;2;20;125
1467;1;2;20;126
1467;1;2;20;127
1467;1;2;21;125
1467;1;2;21;126
1467;1;2;22;126
1467;1;2;23;64
1467;1;2;23;126
1467;1;3;2;2
1467;1;3;2;3
1467;1;3;2;6
1467;1;3;3;2
1467;1;3;4;2
1467;1;3;5;2
1467;1;3;5;3
1467;1;3;6;0
1467;1;3;7;0
1467;1;3;7;1
1467;1;3;9;0
1467;1;3;9;2
1467;1;3;10;0
1467;1;3;13;0
1467;1;3;13;2
1467;1;3;17;14
1467;1;3;17;19
1467;1;3;18;126
1467;1;3;19;126
1467;1;3;20;126
1467;1;3;21;126
1467;1;4;0;126
1467;1;4;1;126
1467;1;4;2;2
1467;1;4;4;92
1467;1;4;4;93
1467;1;4;4;126
1467;1;4;5;0
1467;1;4;5;2
1467;1;4;5;3
1467;1;4;5;13
1467;1;4;5;14
1467;1;4;6;126
1467;1;4;6;127
1467;1;4;9;0
1467;1;4;10;0
1467;1;4;10;2
1467;1;4;12;56
1467;1;4;13;0
1467;1;4;13;1
1467;1;4;13;2
1467;1;4;14;125
1467;1;4;14;126
1467;1;4;17;2
1467;1;4;18;126
1467;1;4;19;126
1467;1;4;20;0
1467;1;4;20;2
1467;1;4;21;29
1467;1;4;21;106
1467;1;4;21;119
1467;1;4;21;126
1467;1;4;22;0
1467;1;4;22;2
1467;1;5;1;126
1467;1;5;1;127
1467;1;5;2;2
1467;1;5;3;2
1467;1;5;3;3
1467;1;5;4;122
1467;1;5;4;126
1467;1;5;4;127
1467;1;5;5;0
1467;1;5;5;2
1467;1;5;6;126
1467;1;5;6;127
1467;1;5;7;2
1467;1;5;9;0
1467;1;5;9;2
1467;1;5;10;0
1467;1;5;10;2
1467;1;5;12;126
1467;1;5;13;0
1467;1;5;13;1
1467;1;5;13;2
1467;1;5;15;0
1467;1;5;15;2
1467;1;5;17;2
1467;1;5;17;3
1467;1;5;18;118
1467;1;5;18;126
1467;1;5;18;127
1467;1;5;19;126
1467;1;5;20;0
1467;1;5;20;2
1467;1;5;21;125
1467;1;5;21;126
1467;1;5;22;0
1467;1;5;22;2
1467;1;5;23;126
1467;1;6;2;2
1467;1;6;3;2
1467;1;6;4;0
1467;1;6;4;2
1467;1;6;4;3
1467;1;6;9;0
1467;1;6;9;2
1467;1;6;12;2
1467;1;6;13;0
1467;1;6;13;2
1467;1;6;14;57
1467;1;6;14;60
1467;1;6;14;72
1467;1;6;16;48
1467;1;6;18;126
1467;1;6;19;126
1467;1;6;20;127
1467;1;7;1;126
1467;1;7;2;2
1467;1;7;3;0
1467;1;7;3;2
1467;1;7;4;0
1467;1;7;4;2
1467;1;7;5;0
1467;1;7;5;2
1467;1;7;8;2
1467;1;7;9;2
1467;1;7;12;2
1467;1;7;13;0
1467;1;7;15;2
1467;1;7;18;126
1467;1;7;18;127
1467;1;7;19;126
1467;1;7;20;126
1467;1;7;21;126
1467;1;7;23;10
1467;1;7;23;11
1467;1;7;23;126
1467;1;8;0;126
1467;1;8;1;126
1467;1;8;1;127
1467;1;8;2;2
1467;1;8;4;126
1467;1;8;5;0
1467;1;8;5;2
1467;1;8;6;126
1467;1;8;7;2
1467;1;8;8;0
1467;1;8;9;0
1467;1;8;9;2
1467;1;8;10;2
1467;1;8;12;98
1467;1;8;13;0
1467;1;8;13;1
1467;1;8;13;2
1467;1;8;15;0
1467;1;8;15;2
1467;1;8;17;2
1467;1;8;18;126
1467;1;8;20;2
1467;1;8;21;125
1467;1;8;21;127
1467;1;8;22;0
1467;1;8;22;1
1467;1;8;22;2
1467;1;8;22;4
1467;1;8;22;5
1467;1;8;22;8
1467;1;8;22;9
1467;1;8;22;12
1467;1;8;22;13
1467;1;8;23;126
1467;1;9;0;126
1467;1;9;0;127
1467;1;9;1;125
1467;1;9;1;126
1467;1;9;1;127
1467;1;9;2;0
1467;1;9;2;2
1467;1;9;2;3
1467;1;9;3;2
1467;1;9;3;3
1467;1;9;4;125
1467;1;9;4;126
1467;1;9;4;127
1467;1;9;5;0
1467;1;9;5;2
1467;1;9;5;3
1467;1;9;6;125
1467;1;9;6;126
1467;1;9;6;127
1467;1;9;7;0
1467;1;9;7;2
1467;1;9;8;0
1467;1;9;8;2
1467;1;9;9;0
1467;1;9;9;2
1467;1;9;10;0
1467;1;9;10;2
1467;1;9;11;0
1467;1;9;11;54
1467;1;9;13;0
1467;1;9;13;2
1467;1;9;14;125
1467;1;9;14;126
1467;1;9;15;0
1467;1;9;15;2
1467;1;9;16;2
1467;1;9;17;0
1467;1;9;17;2
1467;1;9;17;3
1467;1;9;18;125
1467;1;9;18;126
1467;1;9;18;127
1467;1;9;19;126
1467;1;9;20;0
1467;1;9;20;2
1467;1;9;20;3
1467;1;9;21;125
1467;1;9;21;126
1467;1;9;22;0
1467;1;9;22;2
1467;1;9;22;3
1467;1;9;23;72
1467;1;9;23;77
1467;1;9;23;125
1467;1;9;23;126
1467;1;9;23;127
1467;1;10;2;2
1467;1;10;4;0
1467;1;10;4;2
1467;1;10;5;2
1467;1;10;7;36
1467;1;10;8;0
1467;1;10;8;2
1467;1;10;10;2
1467;1;10;11;2
1467;1;10;12;2
1467;1;10;13;0
1467;1;10;19;126
1467;1;10;20;126
1467;1;10;22;68
1467;1;11;2;2
1467;1;11;3;2
1467;1;11;4;0
1467;1;11;5;2
1467;1;11;10;2
1467;1;11;13;0
1467;1;11;18;107
1467;1;11;18;114
1467;1;11;18;118
1467;1;11;18;119
1467;1;11;18;122
1467;1;11;18;126
1467;1;11;18;127
1467;1;11;19;126
1467;1;11;19;127
1467;1;11;20;93
1467;1;11;20;96
1467;1;11;20;125
1467;1;11;20;126
1468;1;0;0;126
1468;1;0;1;126
1468;1;0;2;0
1468;1;0;2;2
1468;1;0;3;2
1468;1;0;4;125
1468;1;0;4;126
1468;1;0;4;127
1468;1;0;5;0
1468;1;0;5;2
1468;1;0;6;126
1468;1;0;8;0
1468;1;0;8;2
1468;1;0;9;0
1468;1;0;9;2
1468;1;0;10;0
1468;1;0;10;2
1468;1;0;12;47
1468;1;0;12;50
1468;1;0;12;62
1468;1;0;12;63
1468;1;0;13;0
1468;1;0;13;2
1468;1;0;13;3
1468;1;0;15;0
1468;1;0;15;1
1468;1;0;15;2
1468;1;0;17;2
1468;1;0;18;126
1468;1;0;19;126
1468;1;0;20;0
1468;1;0;20;2
1468;1;0;21;125
1468;1;0;21;126
1468;1;0;21;127
1468;1;0;22;0
1468;1;0;22;2
1468;1;0;23;126
1468;1;1;0;125
1468;1;1;0;126
1468;1;1;0;127
1468;1;1;1;125
1468;1;1;1;126
1468;1;1;1;127
1468;1;1;2;0
1468;1;1;2;2
1468;1;1;2;3
1468;1;1;2;6
1468;1;1;3;0
1468;1;1;3;2
1468;1;1;4;122
1468;1;1;4;125
1468;1;1;4;126
1468;1;1;4;127
1468;1;1;5;0
1468;1;1;5;2
1468;1;1;5;3
1468;1;1;6;122
1468;1;1;6;125
1468;1;1;6;126
1468;1;1;6;127
1468;1;1;7;0
1468;1;1;7;2
1468;1;1;7;3
1468;1;1;8;0
1468;1;1;8;2
1468;1;1;8;3
1468;1;1;8;4
1468;1;1;9;0
1468;1;1;9;2
1468;1;1;10;0
1468;1;1;10;2
1468;1;1;11;0
1468;1;1;11;2
1468;1;1;11;3
1468;1;1;11;31
1468;1;1;11;34
1468;1;1;12;125
1468;1;1;12;126
1468;1;1;13;0
1468;1;1;13;1
1468;1;1;13;2
1468;1;1;13;3
1468;1;1;14;125
1468;1;1;14;126
1468;1;1;15;0
1468;1;1;15;1
1468;1;1;15;2
1468;1;1;16;0
1468;1;1;16;2
1468;1;1;16;3
1468;1;1;17;0
1468;1;1;17;2
1468;1;1;17;3
1468;1;1;18;122
1468;1;1;18;125
1468;1;1;18;126
1468;1;1;18;127
1468;1;1;19;126
1468;1;1;19;127
1468;1;1;20;0
1468;1;1;20;1
1468;1;1;20;7
1468;1;1;21;125
1468;1;1;21;126
1468;1;1;21;127
1468;1;1;22;0
1468;1;1;22;2
1468;1;1;22;3
1468;1;1;23;106
1468;1;1;23;115
1468;1;1;23;125
1468;1;1;23;126
1468;1;2;2;2
1468;1;2;3;2
1468;1;2;4;0
1468;1;2;4;2
1468;1;2;5;2
1468;1;2;8;0
1468;1;2;9;2
1468;1;2;12;2
1468;1;2;13;0
1468;1;2;13;1
1468;1;2;15;2
1468;1;2;15;6
1468;1;2;18;126
1468;1;2;19;122
1468;1;2;19;127
1468;1;2;20;126
1468;1;2;21;126
1468;1;2;23;126
1468;1;3;1;126
1468;1;3;2;0
1468;1;3;2;2
1468;1;3;2;5
1468;1;3;3;2
1468;1;3;4;0
1468;1;3;4;2
1468;1;3;5;0
1468;1;3;5;2
1468;1;3;8;0
1468;1;3;9;0
1468;1;3;10;0
1468;1;3;12;0
1468;1;3;12;2
1468;1;3;13;2
1468;1;3;18;126
1468;1;3;19;126
1468;1;3;20;126
1468;1;3;21;122
1468;1;3;21;126
1468;1;4;0;126
1468;1;4;0;127
1468;1;4;1;125
1468;1;4;1;126
1468;1;4;1;127
1468;1;4;2;0
1468;1;4;2;2
1468;1;4;2;3
1468;1;4;3;2
1468;1;4;3;3
1468;1;4;4;125
1468;1;4;4;126
1468;1;4;4;127
1468;1;4;5;0
1468;1;4;5;2
1468;1;4;5;3
1468;1;4;6;126
1468;1;4;7;2
1468;1;4;8;0
1468;1;4;8;2
1468;1;4;9;0
1468;1;4;9;2
1468;1;4;10;0
1468;1;4;10;2
1468;1;4;10;3
1468;1;4;12;125
1468;1;4;12;126
1468;1;4;13;0
1468;1;4;13;1
1468;1;4;13;2
1468;1;4;15;0
1468;1;4;15;1
1468;1;4;15;2
1468;1;4;16;2
1468;1;4;17;0
1468;1;4;17;2
1468;1;4;17;3
1468;1;4;17;6
1468;1;4;18;126
1468;1;4;19;126
1468;1;4;20;0
1468;1;4;20;2
1468;1;4;20;3
1468;1;4;21;125
1468;1;4;21;126
1468;1;4;21;127
1468;1;4;22;0
1468;1;4;22;1
1468;1;4;22;2
1468;1;4;22;5
1468;1;4;23;126
1468;1;5;0;126
1468;1;5;0;127
1468;1;5;1;122
1468;1;5;1;126
1468;1;5;2;0
1468;1;5;2;2
1468;1;5;3;2
1468;1;5;3;3
1468;1;5;3;6
1468;1;5;3;7
1468;1;5;3;10
1468;1;5;3;14
1468;1;5;4;122
1468;1;5;4;126
1468;1;5;4;127
1468;1;5;5;0
1468;1;5;5;2
1468;1;5;5;3
1468;1;5;6;98
1468;1;5;6;122
1468;1;5;6;125
1468;1;5;6;126
1468;1;5;6;127
1468;1;5;7;2
1468;1;5;8;0
1468;1;5;8;2
1468;1;5;9;0
1468;1;5;9;2
1468;1;5;10;0
1468;1;5;10;2
1468;1;5;11;0
1468;1;5;11;2
1468;1;5;12;125
1468;1;5;12;126
1468;1;5;13;0
1468;1;5;13;2
1468;1;5;13;3
1468;1;5;14;124
1468;1;5;14;125
1468;1;5;14;126
1468;1;5;15;0
1468;1;5;16;2
1468;1;5;17;2
1468;1;5;18;126
1468;1;5;18;127
1468;1;5;19;118
1468;1;5;19;122
1468;1;5;19;126
1468;1;5;19;127
1468;1;5;20;2
1468;1;5;20;3
1468;1;5;21;125
1468;1;5;21;126
1468;1;5;21;127
1468;1;5;22;2
1468;1;5;23;59
1468;1;5;23;126
1468;1;6;2;2
1468;1;6;3;2
1468;1;6;3;3
1468;1;6;3;6
1468;1;6;4;2
1468;1;6;9;0
1468;1;6;9;2
1468;1;6;10;0
1468;1;6;10;2
1468;1;6;12;2
1468;1;6;13;0
1468;1;6;13;2
1468;1;6;14;57
1468;1;6;14;72
1468;1;6;18;126
1468;1;6;19;122
1468;1;6;19;126
1468;1;6;20;126
1468;1;6;21;126
1468;1;7;2;2
1468;1;7;3;2
1468;1;7;4;0
1468;1;7;4;2
1468;1;7;5;0
1468;1;7;5;2
1468;1;7;5;3
1468;1;7;7;16
1468;1;7;10;2
1468;1;7;12;0
1468;1;7;12;2
1468;1;7;13;0
1468;1;7;18;126
1468;1;7;19;126
1468;1;7;20;126
1468;1;8;0;122
1468;1;8;0;125
1468;1;8;0;126
1468;1;8;0;127
1468;1;8;1;125
1468;1;8;1;126
1468;1;8;1;127
1468;1;8;2;0
1468;1;8;2;2
1468;1;8;2;3
1468;1;8;3;0
1468;1;8;3;2
1468;1;8;4;122
1468;1;8;4;125
1468;1;8;4;126
1468;1;8;4;127
1468;1;8;5;0
1468;1;8;5;2
1468;1;8;5;3
1468;1;8;6;126
1468;1;8;7;0
1468;1;8;7;2
1468;1;8;7;3
1468;1;8;8;0
1468;1;8;8;1
1468;1;8;8;2
1468;1;8;8;126
1468;1;8;9;0
1468;1;8;9;2
1468;1;8;10;0
1468;1;8;10;2
1468;1;8;12;125
1468;1;8;12;126
1468;1;8;13;0
1468;1;8;13;2
1468;1;8;14;126
1468;1;8;15;0
1468;1;8;15;1
1468;1;8;15;2
1468;1;8;16;0
1468;1;8;16;2
1468;1;8;17;0
1468;1;8;17;2
1468;1;8;17;3
1468;1;8;18;125
1468;1;8;18;126
1468;1;8;18;127
1468;1;8;19;126
1468;1;8;20;0
1468;1;8;20;2
1468;1;8;20;3
1468;1;8;21;109
1468;1;8;21;112
1468;1;8;21;125
1468;1;8;21;126
1468;1;8;21;127
1468;1;8;22;0
1468;1;8;22;2
1468;1;8;22;3
1468;1;8;23;126
1468;1;9;0;126
1468;1;9;0;127
1468;1;9;1;126
1468;1;9;2;2
1468;1;9;3;0
1468;1;9;4;125
1468;1;9;4;126
1468;1;9;5;0
1468;1;9;5;2
1468;1;9;5;3
1468;1;9;6;125
1468;1;9;6;126
1468;1;9;7;2
1468;1;9;8;0
1468;1;9;10;0
1468;1;9;10;2
1468;1;9;11;34
1468;1;9;11;54
1468;1;9;11;76
1468;1;9;12;63
1468;1;9;12;82
1468;1;9;12;83
1468;1;9;12;89
1468;1;9;12;95
1468;1;9;13;0
1468;1;9;13;1
1468;1;9;13;2
1468;1;9;13;3
1468;1;9;16;2
1468;1;9;17;2
1468;1;9;17;3
1468;1;9;18;123
1468;1;9;19;126
1468;1;9;20;0
1468;1;9;20;2
1468;1;9;21;125
1468;1;9;21;126
1468;1;9;22;0
1468;1;9;22;1
1468;1;9;22;4
1468;1;9;22;5
1468;1;9;22;9
1468;1;9;22;12
1468;1;9;22;13
1468;1;9;22;20
1468;1;9;23;126
1468;1;10;2;2
1468;1;10;3;2
1468;1;10;4;0
1468;1;10;4;2
1468;1;10;5;0
1468;1;10;5;2
1468;1;10;5;3
1468;1;10;5;10
1468;1;10;6;2
1468;1;10;7;16
1468;1;10;10;2
1468;1;10;13;0
1468;1;10;14;60
1468;1;10;18;126
1468;1;10;19;126
1468;1;10;20;126
1468;1;11;2;2
1468;1;11;3;2
1468;1;11;4;0
1468;1;11;4;2
1468;1;11;5;0
1468;1;11;5;2
1468;1;11;6;2
1468;1;11;8;0
1468;1;11;10;2
1468;1;11;12;0
1468;1;11;12;2
1468;1;11;13;0
1468;1;11;13;2
1468;1;11;16;2
1468;1;11;18;126
1468;1;11;18;127
1468;1;11;19;126
1468;1;11;20;118
1468;1;11;20;127
1468;1;11;21;126
1468;1;11;22;126
1469;1;0;10;126
1469;1;0;10;127
1469;1;0;11;0
1469;1;0;11;1
1469;1;0;11;2
1469;1;0;11;124
1469;1;0;11;126
1469;1;1;6;35
1469;1;1;6;37
1469;1;1;6;43
1469;1;1;8;67
1469;1;1;9;29
1469;1;2;0;1
1469;1;2;0;3
1469;1;2;0;5
1469;1;2;1;119
1469;1;2;1;121
1469;1;2;1;126
1469;1;2;1;127
1469;1;2;8;60
1469;1;2;8;62
1469;1;2;10;118
1469;1;2;10;126
1469;1;2;10;127
1469;1;2;11;0
1469;1;2;11;1
1469;1;3;0;0
1469;1;3;9;100
1469;1;3;9;102
1467;3;0;0;122
1467;3;0;0;126
1467;3;0;0;127
1467;3;0;1;126
1467;3;0;2;2
1467;3;0;4;125
1467;3;0;4;126
1467;3;0;4;127
1467;3;0;5;0
1467;3;0;5;2
1467;3;0;5;3
1467;3;0;6;125
1467;3;0;7;2
1467;3;0;8;0
1467;3;0;8;2
1467;3;0;9;0
1467;3;0;9;2
1467;3;0;10;0
1467;3;0;13;0
1467;3;0;13;1
1467;3;0;13;2
1467;3;0;13;9
1467;3;0;13;20
1467;3;0;14;126
1467;3;0;15;0
1467;3;0;15;2
1467;3;0;16;2
1467;3;0;17;2
1467;3;0;18;126
1467;3;0;19;122
1467;3;0;19;126
1467;3;0;19;127
1467;3;0;20;2
1467;3;0;21;125
1467;3;0;21;126
1467;3;0;22;2
1467;3;0;23;126
1467;3;1;0;122
1467;3;1;0;125
1467;3;1;0;126
1467;3;1;0;127
1467;3;1;1;122
1467;3;1;1;125
1467;3;1;1;126
1467;3;1;1;127
1467;3;1;2;0
1467;3;1;2;1
1467;3;1;2;2
1467;3;1;2;3
1467;3;1;2;126
1467;3;1;3;2
1467;3;1;4;122
1467;3;1;4;125
1467;3;1;4;126
1467;3;1;4;127
1467;3;1;5;0
1467;3;1;5;2
1467;3;1;5;3
1467;3;1;6;122
1467;3;1;6;123
1467;3;1;6;125
1467;3;1;6;126
1467;3;1;6;127
1467;3;1;7;0
1467;3;1;7;2
1467;3;1;7;3
1467;3;1;7;62
1467;3;1;8;0
1467;3;1;8;2
1467;3;1;8;21
1467;3;1;9;0
1467;3;1;9;2
1467;3;1;9;3
1467;3;1;10;0
1467;3;1;10;1
1467;3;1;10;2
1467;3;1;10;3
1467;3;1;10;126
1467;3;1;11;0
1467;3;1;11;2
1467;3;1;13;0
1467;3;1;13;1
1467;3;1;13;2
1467;3;1;13;3
1467;3;1;13;126
1467;3;1;14;0
1467;3;1;14;125
1467;3;1;14;126
1467;3;1;15;0
1467;3;1;15;2
1467;3;1;16;0
1467;3;1;16;2
1467;3;1;16;3
1467;3;1;17;0
1467;3;1;17;2
1467;3;1;17;3
1467;3;1;18;122
1467;3;1;18;125
1467;3;1;18;126
1467;3;1;18;127
1467;3;1;19;125
1467;3;1;19;126
1467;3;1;19;127
1467;3;1;20;0
1467;3;1;20;1
1467;3;1;20;2
1467;3;1;20;3
1467;3;1;21;125
1467;3;1;21;126
1467;3;1;21;127
1467;3;1;22;0
1467;3;1;22;2
1467;3;1;22;3
1467;3;1;22;6
1467;3;1;23;125
1467;3;1;23;126
1467;3;1;23;127
1467;3;2;2;2
1467;3;2;4;0
1467;3;2;4;2
1467;3;2;5;0
1467;3;2;5;2
1467;3;2;6;0
1467;3;2;10;0
1467;3;2;10;2
1467;3;2;12;0
1467;3;2;13;0
1467;3;2;15;0
1467;3;2;18;127
1467;3;2;19;126
1467;3;2;20;122
1467;3;2;20;125
1467;3;2;20;127
1467;3;2;22;126
1467;3;2;23;118
1467;3;3;1;126
1467;3;3;2;2
1467;3;3;3;2
1467;3;3;4;0
1467;3;3;4;2
1467;3;3;5;0
1467;3;3;5;2
1467;3;3;9;2
1467;3;3;12;2
1467;3;3;13;0
1467;3;3;13;2
1467;3;3;18;126
1467;3;3;18;127
1467;3;3;19;126
1467;3;3;20;125
1467;3;3;20;126
1467;3;3;21;126
1467;3;4;0;125
1467;3;4;0;126
1467;3;4;0;127
1467;3;4;1;122
1467;3;4;1;125
1467;3;4;1;126
1467;3;4;1;127
1467;3;4;2;0
1467;3;4;2;2
1467;3;4;2;3
1467;3;4;2;6
1467;3;4;3;0
1467;3;4;3;2
1467;3;4;3;3
1467;3;4;3;6
1467;3;4;3;7
1467;3;4;4;125
1467;3;4;4;126
1467;3;4;4;127
1467;3;4;5;0
1467;3;4;5;2
1467;3;4;5;3
1467;3;4;6;122
1467;3;4;6;123
1467;3;4;6;125
1467;3;4;6;126
1467;3;4;6;127
1467;3;4;7;0
1467;3;4;7;2
1467;3;4;7;3
1467;3;4;8;0
1467;3;4;8;1
1467;3;4;8;2
1467;3;4;9;0
1467;3;4;9;2
1467;3;4;9;126
1467;3;4;10;0
1467;3;4;10;2
1467;3;4;10;3
1467;3;4;10;126
1467;3;4;11;0
1467;3;4;11;1
1467;3;4;11;2
1467;3;4;12;125
1467;3;4;12;126
1467;3;4;13;0
1467;3;4;13;1
1467;3;4;13;2
1467;3;4;13;3
1467;3;4;14;124
1467;3;4;14;125
1467;3;4;14;126
1467;3;4;15;0
1467;3;4;15;1
1467;3;4;15;2
1467;3;4;16;0
1467;3;4;16;2
1467;3;4;16;3
1467;3;4;17;0
1467;3;4;17;2
1467;3;4;17;3
1467;3;4;18;125
1467;3;4;18;126
1467;3;4;18;127
1467;3;4;20;0
1467;3;4;20;2
1467;3;4;20;3
1467;3;4;20;6
1467;3;4;21;125
1467;3;4;21;126
1467;3;4;21;127
1467;3;4;22;0
1467;3;4;22;1
1467;3;4;22;2
1467;3;4;22;3
1467;3;4;23;122
1467;3;4;23;125
1467;3;5;0;126
1467;3;5;0;127
1467;3;5;1;126
1467;3;5;1;127
1467;3;5;2;0
1467;3;5;2;2
1467;3;5;2;3
1467;3;5;3;0
1467;3;5;3;2
1467;3;5;3;20
1467;3;5;4;126
1467;3;5;5;0
1467;3;5;5;2
1467;3;5;6;122
1467;3;5;6;126
1467;3;5;6;127
1467;3;5;7;2
1467;3;5;8;0
1467;3;5;8;2
1467;3;5;9;0
1467;3;5;9;2
1467;3;5;10;0
1467;3;5;10;2
1467;3;5;12;125
1467;3;5;12;126
1467;3;5;13;0
1467;3;5;13;1
1467;3;5;13;2
1467;3;5;13;3
1467;3;5;14;126
1467;3;5;15;0
1467;3;5;15;2
1467;3;5;16;2
1467;3;5;16;3
1467;3;5;17;0
1467;3;5;17;2
1467;3;5;18;122
1467;3;5;18;126
1467;3;5;18;127
1467;3;5;19;126
1467;3;5;20;0
1467;3;5;20;2
1467;3;5;20;3
1467;3;5;21;122
1467;3;5;21;124
1467;3;5;21;125
1467;3;5;21;126
1467;3;5;21;127
1467;3;5;22;0
1467;3;5;22;2
1467;3;5;22;3
1467;3;5;22;6
1467;3;5;23;102
1467;3;5;23;124
1467;3;5;23;126
1467;3;5;23;127
1467;3;6;0;94
1467;3;6;0;126
1467;3;6;2;2
1467;3;6;3;2
1467;3;6;4;0
1467;3;6;4;2
1467;3;6;4;3
1467;3;6;5;0
1467;3;6;5;2
1467;3;6;5;3
1467;3;6;6;2
1467;3;6;7;2
1467;3;6;7;16
1467;3;6;8;0
1467;3;6;8;2
1467;3;6;9;0
1467;3;6;10;0
1467;3;6;11;0
1467;3;6;12;0
1467;3;6;12;2
1467;3;6;13;0
1467;3;6;15;0
1467;3;6;18;126
1467;3;6;19;114
1467;3;6;19;119
1467;3;6;19;124
1467;3;6;20;114
1467;3;6;20;123
1467;3;6;21;126
1467;3;6;22;126
1467;3;7;0;50
1467;3;7;0;51
1467;3;7;0;126
1467;3;7;1;126
1467;3;7;2;0
1467;3;7;2;2
1467;3;7;3;2
1467;3;7;4;0
1467;3;7;4;2
1467;3;7;5;0
1467;3;7;5;2
1467;3;7;6;2
1467;3;7;7;0
1467;3;7;7;2
1467;3;7;8;2
1467;3;7;10;2
1467;3;7;12;0
1467;3;7;12;2
1467;3;7;13;0
1467;3;7;14;0
1467;3;7;14;2
1467;3;7;16;2
1467;3;7;17;2
1467;3;7;18;126
1467;3;7;19;126
1467;3;7;20;126
1467;3;7;21;122
1467;3;7;21;125
1467;3;7;21;126
1467;3;7;22;126
1467;3;7;23;126
1467;3;8;0;126
1467;3;8;1;126
1467;3;8;2;2
1467;3;8;4;126
1467;3;8;4;127
1467;3;8;5;0
1467;3;8;5;2
1467;3;8;6;126
1467;3;8;7;2
1467;3;8;10;0
1467;3;8;10;2
1467;3;8;11;31
1467;3;8;12;125
1467;3;8;12;126
1467;3;8;13;0
1467;3;8;13;2
1467;3;8;14;6
1467;3;8;14;7
1467;3;8;15;0
1467;3;8;18;126
1467;3;8;20;2
1467;3;8;21;125
1467;3;8;21;126
1467;3;8;22;3
1467;3;9;0;52
1467;3;9;1;118
1467;3;9;1;122
1467;3;9;1;123
1467;3;9;1;127
1467;3;9;2;2
1467;3;9;2;3
1467;3;9;3;2
1467;3;9;3;3
1467;3;9;3;6
1467;3;9;3;7
1467;3;9;3;10
1467;3;9;3;14
1467;3;9;4;122
1467;3;9;5;0
1467;3;9;5;2
1467;3;9;5;3
1467;3;9;6;126
1467;3;9;6;127
1467;3;9;7;2
1467;3;9;8;0
1467;3;9;8;85
1467;3;9;8;96
1467;3;9;8;97
1467;3;9;9;0
1467;3;9;9;2
1467;3;9;10;0
1467;3;9;10;2
1467;3;9;11;0
1467;3;9;11;2
1467;3;9;12;125
1467;3;9;12;126
1467;3;9;13;0
1467;3;9;13;1
1467;3;9;13;2
1467;3;9;14;125
1467;3;9;15;0
1467;3;9;15;2
1467;3;9;16;2
1467;3;9;17;2
1467;3;9;17;3
1467;3;9;18;122
1467;3;9;18;127
1467;3;9;20;7
1467;3;9;20;10
1467;3;9;21;118
1467;3;9;22;6
1467;3;9;22;10
1467;3;10;2;2
1467;3;10;3;2
1467;3;10;4;0
1467;3;10;4;2
1467;3;10;5;0
1467;3;10;5;2
1467;3;10;9;0
1467;3;10;9;2
1467;3;10;10;0
1467;3;10;10;2
1467;3;10;12;2
1467;3;10;13;0
1467;3;10;13;2
1467;3;10;18;107
1467;3;10;18;118
1467;3;10;18;126
1467;3;10;19;126
1467;3;10;20;126
1467;3;10;21;125
1467;3;10;21;126
1467;3;10;22;126
1467;3;10;23;126
1467;3;11;0;126
1467;3;11;1;122
1467;3;11;1;126
1467;3;11;1;127
1467;3;11;2;2
1467;3;11;2;6
1467;3;11;3;0
1467;3;11;3;2
1467;3;11;4;0
1467;3;11;4;2
1467;3;11;4;3
1467;3;11;5;0
1467;3;11;5;2
1467;3;11;5;3
1467;3;11;6;0
1467;3;11;6;2
1467;3;11;7;0
1467;3;11;7;2
1467;3;11;8;0
1467;3;11;8;2
1467;3;11;9;0
1467;3;11;9;2
1467;3;11;10;0
1467;3;11;10;2
1467;3;11;11;0
1467;3;11;12;0
1467;3;11;12;2
1467;3;11;13;0
1467;3;11;13;2
1467;3;11;14;0
1467;3;11;14;2
1467;3;11;14;40
1467;3;11;14;41
1467;3;11;15;0
1467;3;11;15;2
1467;3;11;17;2
1467;3;11;18;125
1467;3;11;18;126
1467;3;11;18;127
1467;3;11;19;125
1467;3;11;19;126
1467;3;11;19;127
1467;3;11;20;122
1467;3;11;20;125
1467;3;11;20;126
1467;3;11;20;127
1467;3;11;21;125
1467;3;11;21;126
1467;3;11;21;127
1467;3;11;22;126
1467;3;11;23;126
1468;3;0;0;126
1468;3;0;1;122
1468;3;0;1;126
1468;3;0;1;127
1468;3;0;2;2
1468;3;0;2;3
1468;3;0;3;0
1468;3;0;4;126
1468;3;0;5;0
1468;3;0;5;1
1468;3;0;5;2
1468;3;0;7;2
1468;3;0;7;3
1468;3;0;8;0
1468;3;0;9;0
1468;3;0;9;2
1468;3;0;10;0
1468;3;0;11;31
1468;3;0;11;34
1468;3;0;11;54
1468;3;0;12;47
1468;3;0;12;82
1468;3;0;12;125
1468;3;0;12;126
1468;3;0;13;0
1468;3;0;13;2
1468;3;0;14;126
1468;3;0;15;0
1468;3;0;16;2
1468;3;0;17;2
1468;3;0;18;126
1468;3;0;19;126
1468;3;0;20;0
1468;3;0;20;2
1468;3;0;20;3
1468;3;0;21;125
1468;3;0;21;126
1468;3;0;22;0
1468;3;0;22;2
1468;3;0;23;126
1468;3;1;0;126
1468;3;1;1;126
1468;3;1;2;2
1468;3;1;2;3
1468;3;1;3;2
1468;3;1;4;125
1468;3;1;4;126
1468;3;1;4;127
1468;3;1;5;0
1468;3;1;5;2
1468;3;1;6;126
1468;3;1;7;0
1468;3;1;7;2
1468;3;1;7;3
1468;3;1;7;121
1468;3;1;7;123
1468;3;1;8;0
1468;3;1;8;2
1468;3;1;9;0
1468;3;1;9;2
1468;3;1;9;3
1468;3;1;10;0
1468;3;1;10;2
1468;3;1;11;0
1468;3;1;11;2
1468;3;1;12;41
1468;3;1;12;47
1468;3;1;12;57
1468;3;1;12;62
1468;3;1;12;63
1468;3;1;12;89
1468;3;1;12;125
1468;3;1;12;126
1468;3;1;13;0
1468;3;1;13;1
1468;3;1;13;2
1468;3;1;13;3
1468;3;1;14;126
1468;3;1;15;0
1468;3;1;15;2
1468;3;1;16;2
1468;3;1;17;0
1468;3;1;17;2
1468;3;1;17;3
1468;3;1;17;6
1468;3;1;18;126
1468;3;1;19;122
1468;3;1;19;126
1468;3;1;20;0
1468;3;1;20;2
1468;3;1;21;125
1468;3;1;21;126
1468;3;1;22;0
1468;3;1;22;2
1468;3;1;23;126
1468;3;2;2;0
1468;3;2;2;2
1468;3;2;3;2
1468;3;2;4;0
1468;3;2;4;2
1468;3;2;5;0
1468;3;2;5;2
1468;3;2;6;2
1468;3;2;7;16
1468;3;2;12;2
1468;3;2;12;3
1468;3;2;18;126
1468;3;2;19;126
1468;3;2;20;126
1468;3;2;21;118
1468;3;2;21;122
1468;3;2;21;126
1468;3;3;1;125
1468;3;3;1;126
1468;3;3;2;0
1468;3;3;2;2
1468;3;3;3;0
1468;3;3;3;2
1468;3;3;4;0
1468;3;3;4;2
1468;3;3;5;2
1468;3;3;7;16
1468;3;3;8;0
1468;3;3;8;2
1468;3;3;8;114
1468;3;3;8;115
1468;3;3;12;0
1468;3;3;12;2
1468;3;3;12;11
1468;3;3;13;0
1468;3;3;15;2
1468;3;4;0;126
1468;3;4;0;127
1468;3;4;1;126
1468;3;4;2;0
1468;3;4;2;2
1468;3;4;2;3
1468;3;4;2;6
1468;3;4;3;2
1468;3;4;3;3
1468;3;4;4;125
1468;3;4;4;126
1468;3;4;4;127
1468;3;4;5;0
1468;3;4;5;2
1468;3;4;5;3
1468;3;4;5;6
1468;3;4;5;16
1468;3;4;5;126
1468;3;4;6;126
1468;3;4;6;127
1468;3;4;7;0
1468;3;4;7;2
1468;3;4;7;7
1468;3;4;7;18
1468;3;4;8;0
1468;3;4;8;2
1468;3;4;9;0
1468;3;4;9;2
1468;3;4;10;0
1468;3;4;10;2
1468;3;4;11;0
1468;3;4;11;2
1468;3;4;12;125
1468;3;4;12;126
1468;3;4;13;0
1468;3;4;13;1
1468;3;4;13;2
1468;3;4;13;3
1468;3;4;13;7
1468;3;4;13;22
1468;3;4;13;26
1468;3;4;14;125
1468;3;4;14;126
1468;3;4;15;0
1468;3;4;15;2
1468;3;4;16;2
1468;3;4;16;3
1468;3;4;17;0
1468;3;4;17;2
1468;3;4;17;3
1468;3;4;18;127
1468;3;4;19;122
1468;3;4;19;126
1468;3;4;19;127
1468;3;4;20;0
1468;3;4;20;2
1468;3;4;20;3
1468;3;4;21;125
1468;3;4;21;126
1468;3;4;22;0
1468;3;4;22;2
1468;3;4;22;3
1468;3;4;23;125
1468;3;4;23;126
1468;3;4;23;127
1468;3;5;0;126
1468;3;5;1;126
1468;3;5;1;127
1468;3;5;2;0
1468;3;5;2;1
1468;3;5;2;2
1468;3;5;2;3
1468;3;5;3;2
1468;3;5;4;125
1468;3;5;4;126
1468;3;5;4;127
1468;3;5;5;0
1468;3;5;5;2
1468;3;5;5;3
1468;3;5;6;122
1468;3;5;6;125
1468;3;5;6;126
1468;3;5;6;127
1468;3;5;7;0
1468;3;5;7;2
1468;3;5;7;3
1468;3;5;8;0
1468;3;5;8;2
1468;3;5;9;0
1468;3;5;9;2
1468;3;5;9;126
1468;3;5;10;0
1468;3;5;10;2
1468;3;5;12;125
1468;3;5;12;126
1468;3;5;12;127
1468;3;5;13;0
1468;3;5;13;2
1468;3;5;13;3
1468;3;5;14;125
1468;3;5;14;126
1468;3;5;15;0
1468;3;5;15;1
1468;3;5;15;2
1468;3;5;15;3
1468;3;5;16;0
1468;3;5;16;2
1468;3;5;16;3
1468;3;5;17;0
1468;3;5;17;2
1468;3;5;17;3
1468;3;5;18;122
1468;3;5;18;125
1468;3;5;18;126
1468;3;5;18;127
1468;3;5;19;126
1468;3;5;20;0
1468;3;5;20;2
1468;3;5;20;3
1468;3;5;21;125
1468;3;5;21;126
1468;3;5;21;127
1468;3;5;22;0
1468;3;5;22;2
1468;3;5;22;3
1468;3;5;23;15
1468;3;5;23;80
1468;3;5;23;81
1468;3;5;23;110
1468;3;5;23;111
1468;3;5;23;125
1468;3;7;1;126
1468;3;7;2;2
1468;3;7;3;2
1468;3;7;4;0
1468;3;7;4;3
1468;3;7;4;6
1468;3;7;5;2
1468;3;7;7;16
1468;3;7;9;0
1468;3;7;9;2
1468;3;7;9;6
1468;3;7;11;0
1468;3;7;12;0
1468;3;7;12;2
1468;3;7;13;0
1468;3;7;13;2
1468;3;7;14;57
1468;3;7;14;60
1468;3;7;14;72
1468;3;7;18;126
1468;3;7;19;104
1468;3;7;19;105
1468;3;7;20;126
1468;3;7;21;27
1468;3;7;21;37
1468;3;7;21;52
1468;3;7;21;65
1468;3;7;21;68
1468;3;7;21;69
1468;3;7;21;72
1468;3;7;21;73
1468;3;7;21;76
1468;3;7;21;95
1468;3;7;21;103
1468;3;7;21;114
1468;3;7;23;126
1468;3;8;0;122
1468;3;8;0;125
1468;3;8;0;126
1468;3;8;0;127
1468;3;8;1;122
1468;3;8;1;125
1468;3;8;1;126
1468;3;8;1;127
1468;3;8;2;0
1468;3;8;2;2
1468;3;8;2;3
1468;3;8;2;6
1468;3;8;2;126
1468;3;8;3;2
1468;3;8;3;3
1468;3;8;4;122
1468;3;8;4;125
1468;3;8;4;126
1468;3;8;4;127
1468;3;8;5;0
1468;3;8;5;2
1468;3;8;6;122
1468;3;8;6;125
1468;3;8;6;126
1468;3;8;6;127
1468;3;8;7;0
1468;3;8;7;2
1468;3;8;7;6
1468;3;8;8;0
1468;3;8;8;2
1468;3;8;8;126
1468;3;8;9;0
1468;3;8;9;2
1468;3;8;9;126
1468;3;8;10;0
1468;3;8;10;2
1468;3;8;11;0
1468;3;8;11;2
1468;3;8;12;121
1468;3;8;12;126
1468;3;8;12;127
1468;3;8;13;0
1468;3;8;13;2
1468;3;8;14;125
1468;3;8;14;126
1468;3;8;14;127
1468;3;8;15;0
1468;3;8;15;1
1468;3;8;15;2
1468;3;8;15;3
1468;3;8;15;4
1468;3;8;15;16
1468;3;8;15;126
1468;3;8;16;0
1468;3;8;16;2
1468;3;8;16;3
1468;3;8;17;0
1468;3;8;17;2
1468;3;8;17;3
1468;3;8;18;106
1468;3;8;18;122
1468;3;8;18;123
1468;3;8;18;125
1468;3;8;18;126
1468;3;8;18;127
1468;3;8;19;122
1468;3;8;19;126
1468;3;8;19;127
1468;3;8;20;2
1468;3;8;20;3
1468;3;8;20;5
1468;3;8;20;6
1468;3;8;20;7
1468;3;8;21;125
1468;3;8;21;126
1468;3;8;21;127
1468;3;8;22;0
1468;3;8;22;2
1468;3;8;22;3
1468;3;8;23;70
1468;3;8;23;94
1468;3;8;23;111
1468;3;8;23;125
1468;3;8;23;126
1468;3;8;23;127
1468;3;9;0;126
1468;3;9;0;127
1468;3;9;1;125
1468;3;9;1;126
1468;3;9;2;2
1468;3;9;3;2
1468;3;9;3;3
1468;3;9;4;125
1468;3;9;4;127
1468;3;9;5;0
1468;3;9;5;2
1468;3;9;6;122
1468;3;9;6;126
1468;3;9;6;127
1468;3;9;8;0
1468;3;9;9;0
1468;3;9;9;2
1468;3;9;9;3
1468;3;9;10;0
1468;3;9;10;2
1468;3;9;10;3
1468;3;9;11;2
1468;3;9;11;3
1468;3;9;12;125
1468;3;9;12;126
1468;3;9;13;0
1468;3;9;13;2
1468;3;9;14;126
1468;3;9;15;0
1468;3;9;15;2
1468;3;9;16;2
1468;3;9;16;55
1468;3;9;17;2
1468;3;9;17;3
1468;3;9;18;126
1468;3;9;19;126
1468;3;9;19;127
1468;3;9;20;0
1468;3;9;20;2
1468;3;9;20;3
1468;3;9;21;125
1468;3;9;21;126
1468;3;9;22;2
1468;3;9;23;126
1468;3;10;0;126
1468;3;10;1;126
1468;3;10;2;0
1468;3;10;2;2
1468;3;10;2;3
1468;3;10;3;2
1468;3;10;4;2
1468;3;10;5;0
1468;3;10;5;2
1468;3;10;5;116
1468;3;10;5;117
1468;3;10;6;0
1468;3;10;6;3
1468;3;10;7;2
1468;3;10;8;0
1468;3;10;9;0
1468;3;10;9;2
1468;3;10;10;0
1468;3;10;10;2
1468;3;10;10;4
1468;3;10;10;5
1468;3;10;11;0
1468;3;10;11;2
1468;3;10;12;0
1468;3;10;12;2
1468;3;10;13;0
1468;3;10;13;2
1468;3;10;14;0
1468;3;10;15;0
1468;3;10;15;61
1468;3;10;16;2
1468;3;10;17;2
1468;3;10;17;3
1468;3;10;18;122
1468;3;10;18;126
1468;3;10;18;127
1468;3;10;19;126
1468;3;10;20;126
1468;3;10;21;0
1468;3;10;21;1
1468;3;10;21;125
1468;3;10;21;126
1468;3;10;23;126
1468;3;11;0;126
1468;3;11;1;126
1468;3;11;1;127
1468;3;11;2;0
1468;3;11;2;2
1468;3;11;2;3
1468;3;11;3;2
1468;3;11;4;0
1468;3;11;4;2
1468;3;11;5;0
1468;3;11;5;2
1468;3;11;6;0
1468;3;11;6;2
1468;3;11;7;2
1468;3;11;8;0
1468;3;11;8;2
1468;3;11;9;0
1468;3;11;10;0
1468;3;11;10;2
1468;3;11;11;2
1468;3;11;12;0
1468;3;11;12;2
1468;3;11;13;0
1468;3;11;13;2
1468;3;11;15;0
1468;3;11;15;2
1468;3;11;16;2
1468;3;11;17;2
1468;3;11;18;125
1468;3;11;18;126
1468;3;11;18;127
1468;3;11;19;126
1468;3;11;20;125
1468;3;11;20;126
1468;3;11;20;127
1468;3;11;21;124
1468;3;11;21;125
1468;3;11;21;126
1468;3;11;22;126
1468;3;11;23;126
1467;5;0;0;125
1467;5;0;0;126
1467;5;0;0;127
1467;5;0;1;125
1467;5;0;1;126
1467;5;0;1;127
1467;5;0;2;0
1467;5;0;2;2
1467;5;0;2;3
1467;5;0;3;0
1467;5;0;3;2
1467;5;0;3;3
1467;5;0;3;6
1467;5;0;3;7
1467;5;0;3;10
1467;5;0;3;11
1467;5;0;4;106
1467;5;0;4;125
1467;5;0;4;126
1467;5;0;4;127
1467;5;0;5;0
1467;5;0;5;2
1467;5;0;6;122
1467;5;0;6;125
1467;5;0;6;126
1467;5;0;6;127
1467;5;0;7;2
1467;5;0;8;0
1467;5;0;8;1
1467;5;0;8;2
1467;5;0;9;0
1467;5;0;9;2
1467;5;0;10;0
1467;5;0;10;2
1467;5;0;11;0
1467;5;0;11;2
1467;5;0;12;125
1467;5;0;12;126
1467;5;0;13;0
1467;5;0;13;1
1467;5;0;13;2
1467;5;0;13;3
1467;5;0;14;125
1467;5;0;14;126
1467;5;0;15;0
1467;5;0;15;1
1467;5;0;15;2
1467;5;0;16;0
1467;5;0;16;2
1467;5;0;17;0
1467;5;0;17;2
1467;5;0;17;3
1467;5;0;18;122
1467;5;0;18;126
1467;5;0;18;127
1467;5;0;19;122
1467;5;0;19;126
1467;5;0;19;127
1467;5;0;20;0
1467;5;0;20;11
1467;5;0;21;122
1467;5;0;21;125
1467;5;0;22;0
1467;5;0;22;1
1467;5;0;22;2
1467;5;0;23;126
1467;5;1;0;126
1467;5;1;1;126
1467;5;1;2;0
1467;5;1;2;2
1467;5;1;3;0
1467;5;1;4;122
1467;5;1;4;125
1467;5;1;4;126
1467;5;1;4;127
1467;5;1;5;0
1467;5;1;5;2
1467;5;1;6;126
1467;5;1;6;127
1467;5;1;7;2
1467;5;1;7;3
1467;5;1;8;0
1467;5;1;8;2
1467;5;1;9;0
1467;5;1;9;2
1467;5;1;10;0
1467;5;1;11;31
1467;5;1;11;34
1467;5;1;11;50
1467;5;1;11;54
1467;5;1;12;47
1467;5;1;12;126
1467;5;1;13;0
1467;5;1;13;1
1467;5;1;13;2
1467;5;1;13;5
1467;5;1;14;125
1467;5;1;14;126
1467;5;1;15;2
1467;5;1;16;2
1467;5;1;17;2
1467;5;1;18;126
1467;5;1;18;127
1467;5;1;19;126
1467;5;1;19;127
1467;5;1;20;0
1467;5;1;20;2
1467;5;1;20;3
1467;5;1;21;92
1467;5;1;21;93
1467;5;1;21;125
1467;5;1;21;126
1467;5;1;22;0
1467;5;1;22;2
1467;5;1;23;126
1467;5;2;0;70
1467;5;2;0;71
1467;5;2;0;126
1467;5;2;2;2
1467;5;2;3;2
1467;5;2;4;0
1467;5;2;4;2
1467;5;2;5;0
1467;5;2;5;2
1467;5;2;8;0
1467;5;2;8;2
1467;5;2;9;2
1467;5;2;10;2
1467;5;2;11;2
1467;5;2;12;45
1467;5;2;12;46
1467;5;2;13;0
1467;5;2;15;0
1467;5;2;17;31
1467;5;2;18;126
1467;5;2;19;122
1467;5;2;19;126
1467;5;2;19;127
1467;5;2;20;126
1467;5;2;21;126
1467;5;2;22;126
1467;5;2;23;99
1467;5;2;23;102
1467;5;3;0;126
1467;5;3;1;126
1467;5;3;2;0
1467;5;3;2;2
1467;5;3;2;3
1467;5;3;3;2
1467;5;3;4;0
1467;5;3;4;2
1467;5;3;4;3
1467;5;3;5;0
1467;5;3;5;2
1467;5;3;6;0
1467;5;3;6;2
1467;5;3;7;2
1467;5;3;8;0
1467;5;3;8;2
1467;5;3;10;0
1467;5;3;10;2
1467;5;3;11;2
1467;5;3;12;0
1467;5;3;12;2
1467;5;3;13;0
1467;5;3;13;2
1467;5;3;15;0
1467;5;3;15;2
1467;5;3;16;2
1467;5;3;16;3
1467;5;3;17;2
1467;5;3;18;122
1467;5;3;18;126
1467;5;3;18;127
1467;5;3;19;122
1467;5;3;19;126
1467;5;3;20;126
1467;5;3;22;126
1467;5;3;23;126
1467;5;4;0;126
1467;5;4;1;126
1467;5;4;2;2
1467;5;4;2;3
1467;5;4;3;2
1467;5;4;4;126
1467;5;4;5;0
1467;5;4;5;2
1467;5;4;5;3
1467;5;4;6;125
1467;5;4;6;126
1467;5;4;7;2
1467;5;4;8;0
1467;5;4;9;0
1467;5;4;9;2
1467;5;4;10;0
1467;5;4;10;2
1467;5;4;11;34
1467;5;4;12;47
1467;5;4;12;126
1467;5;4;13;0
1467;5;4;13;2
1467;5;4;15;0
1467;5;4;15;2
1467;5;4;16;2
1467;5;4;17;2
1467;5;4;18;126
1467;5;4;19;126
1467;5;4;20;0
1467;5;4;20;2
1467;5;4;21;125
1467;5;4;21;126
1467;5;4;22;0
1467;5;4;22;1
1467;5;4;22;2
1467;5;4;23;126
1467;5;5;0;126
1467;5;5;0;127
1467;5;5;1;126
1467;5;5;1;127
1467;5;5;2;2
1467;5;5;3;0
1467;5;5;3;2
1467;5;5;4;126
1467;5;5;5;0
1467;5;5;5;2
1467;5;5;6;126
1467;5;5;7;2
1467;5;5;9;0
1467;5;5;9;2
1467;5;5;10;0
1467;5;5;10;2
1467;5;5;11;34
1467;5;5;12;50
1467;5;5;12;126
1467;5;5;13;0
1467;5;5;13;1
1467;5;5;13;2
1467;5;5;13;3
1467;5;5;16;2
1467;5;5;17;2
1467;5;5;17;6
1467;5;5;18;1
1467;5;5;18;126
1467;5;5;19;126
1467;5;5;20;2
1467;5;5;21;125
1467;5;5;21;126
1467;5;5;22;2
1467;5;5;23;126
1467;5;6;2;2
1467;5;6;3;2
1467;5;6;4;0
1467;5;6;4;2
1467;5;6;4;3
1467;5;6;5;0
1467;5;6;5;2
1467;5;6;7;0
1467;5;6;7;2
1467;5;6;9;0
1467;5;6;9;2
1467;5;6;10;0
1467;5;6;10;2
1467;5;6;18;126
1467;5;6;19;126
1467;5;6;19;127
1467;5;6;20;126
1467;5;6;21;126
1467;5;7;0;126
1467;5;7;1;126
1467;5;7;2;0
1467;5;7;2;2
1467;5;7;2;3
1467;5;7;2;6
1467;5;7;3;0
1467;5;7;3;2
1467;5;7;3;3
1467;5;7;4;0
1467;5;7;4;2
1467;5;7;4;3
1467;5;7;5;0
1467;5;7;5;2
1467;5;7;5;3
1467;5;7;5;6
1467;5;7;5;10
1467;5;7;5;14
1467;5;7;6;0
1467;5;7;6;2
1467;5;7;6;3
1467;5;7;7;0
1467;5;7;7;10
1467;5;7;8;0
1467;5;7;8;2
1467;5;7;9;0
1467;5;7;9;2
1467;5;7;10;0
1467;5;7;10;2
1467;5;7;11;0
1467;5;7;11;2
1467;5;7;12;0
1467;5;7;12;1
1467;5;7;12;2
1467;5;7;13;0
1467;5;7;13;2
1467;5;7;14;0
1467;5;7;14;2
1467;5;7;15;0
1467;5;7;15;2
1467;5;7;15;34
1467;5;7;15;43
1467;5;7;16;2
1467;5;7;17;2
1467;5;7;18;108
1467;5;7;18;109
1467;5;7;18;126
1467;5;7;19;114
1467;5;7;19;115
1467;5;7;19;122
1467;5;7;19;123
1467;5;7;19;125
1467;5;7;19;126
1467;5;7;19;127
1467;5;7;20;122
1467;5;7;20;125
1467;5;7;20;126
1467;5;7;20;127
1467;5;7;21;122
1467;5;7;21;124
1467;5;7;21;125
1467;5;7;21;126
1467;5;7;21;127
1467;5;7;22;126
1467;5;7;23;126
1467;5;8;1;126
1467;5;8;2;2
1467;5;8;5;0
1467;5;8;5;2
1467;5;8;6;126
1467;5;8;9;2
1467;5;8;10;0
1467;5;8;10;2
1467;5;8;13;0
1467;5;8;13;1
1467;5;8;13;2
1467;5;8;13;3
1467;5;8;17;2
1467;5;8;18;126
1467;5;8;19;126
1467;5;8;21;125
1467;5;8;21;126
1467;5;9;1;126
1467;5;9;2;2
1467;5;9;4;126
1467;5;9;5;0
1467;5;9;5;2
1467;5;9;5;3
1467;5;9;6;126
1467;5;9;8;0
1467;5;9;9;0
1467;5;9;9;2
1467;5;9;10;0
1467;5;9;10;2
1467;5;9;11;31
1467;5;9;11;34
1467;5;9;11;54
1467;5;9;13;0
1467;5;9;13;2
1467;5;9;15;0
1467;5;9;17;2
1467;5;9;18;126
1467;5;9;21;125
1467;5;9;21;126
1467;5;9;23;110
1467;5;10;2;2
1467;5;10;3;2
1467;5;10;4;2
1467;5;10;5;2
1467;5;10;8;0
1467;5;10;9;0
1467;5;10;9;2
1467;5;10;11;2
1467;5;10;12;2
1467;5;10;13;0
1467;5;10;18;126
1467;5;10;18;127
1467;5;10;19;126
1467;5;10;20;126
1467;5;11;1;126
1467;5;11;2;2
1467;5;11;2;3
1467;5;11;3;2
1467;5;11;4;0
1467;5;11;4;2
1467;5;11;5;0
1467;5;11;5;2
1467;5;11;5;3
1467;5;11;8;0
1467;5;11;9;0
1467;5;11;9;2
1467;5;11;10;0
1467;5;11;12;2
1467;5;11;13;0
1467;5;11;13;2
1467;5;11;18;126
1467;5;11;19;126
1467;5;11;19;127
1467;5;11;20;126
1467;5;11;21;126
1468;5;0;0;126
1468;5;0;0;127
1468;5;0;1;122
1468;5;0;1;125
1468;5;0;1;126
1468;5;0;1;127
1468;5;0;2;0
1468;5;0;2;1
1468;5;0;2;2
1468;5;0;2;3
1468;5;0;2;6
1468;5;0;2;126
1468;5;0;3;0
1468;5;0;3;2
1468;5;0;3;3
1468;5;0;4;122
1468;5;0;4;125
1468;5;0;4;126
1468;5;0;4;127
1468;5;0;5;0
1468;5;0;5;2
1468;5;0;5;3
1468;5;0;6;122
1468;5;0;6;125
1468;5;0;6;126
1468;5;0;6;127
1468;5;0;7;0
1468;5;0;7;2
1468;5;0;7;3
1468;5;0;7;6
1468;5;0;8;0
1468;5;0;8;1
1468;5;0;8;2
1468;5;0;8;126
1468;5;0;9;0
1468;5;0;9;2
1468;5;0;9;126
1468;5;0;10;0
1468;5;0;10;1
1468;5;0;10;2
1468;5;0;10;3
1468;5;0;10;126
1468;5;0;11;0
1468;5;0;11;2
1468;5;0;12;125
1468;5;0;12;126
1468;5;0;12;127
1468;5;0;13;0
1468;5;0;13;1
1468;5;0;13;2
1468;5;0;13;3
1468;5;0;14;124
1468;5;0;14;125
1468;5;0;14;126
1468;5;0;15;0
1468;5;0;15;1
1468;5;0;15;2
1468;5;0;15;3
1468;5;0;15;126
1468;5;0;16;0
1468;5;0;16;2
1468;5;0;16;3
1468;5;0;17;0
1468;5;0;17;2
1468;5;0;17;3
1468;5;0;18;122
1468;5;0;18;125
1468;5;0;18;126
1468;5;0;18;127
1468;5;0;19;122
1468;5;0;19;125
1468;5;0;19;126
1468;5;0;19;127
1468;5;0;20;0
1468;5;0;20;2
1468;5;0;20;3
1468;5;0;20;6
1468;5;0;21;125
1468;5;0;21;126
1468;5;0;21;127
1468;5;0;22;0
1468;5;0;22;2
1468;5;0;22;3
1468;5;0;22;6
1468;5;0;23;125
1468;5;0;23;126
1468;5;0;23;127
1468;5;1;0;126
1468;5;1;0;127
1468;5;1;1;122
1468;5;1;1;125
1468;5;1;1;126
1468;5;1;1;127
1468;5;1;2;0
1468;5;1;2;2
1468;5;1;2;3
1468;5;1;3;2
1468;5;1;4;122
1468;5;1;4;125
1468;5;1;4;126
1468;5;1;4;127
1468;5;1;5;0
1468;5;1;5;2
1468;5;1;5;3
1468;5;1;6;122
1468;5;1;6;125
1468;5;1;6;126
1468;5;1;6;127
1468;5;1;7;0
1468;5;1;7;2
1468;5;1;8;0
1468;5;1;8;2
1468;5;1;9;0
1468;5;1;9;2
1468;5;1;10;0
1468;5;1;10;2
1468;5;1;11;2
1468;5;1;12;125
1468;5;1;12;126
1468;5;1;13;0
1468;5;1;13;1
1468;5;1;13;2
1468;5;1;13;3
1468;5;1;14;125
1468;5;1;14;126
1468;5;1;15;0
1468;5;1;15;2
1468;5;1;15;3
1468;5;1;16;0
1468;5;1;16;2
1468;5;1;16;3
1468;5;1;17;0
1468;5;1;17;2
1468;5;1;17;3
1468;5;1;18;122
1468;5;1;18;125
1468;5;1;18;126
1468;5;1;18;127
1468;5;1;19;126
1468;5;1;20;0
1468;5;1;20;2
1468;5;1;20;3
1468;5;1;21;125
1468;5;1;21;126
1468;5;1;21;127
1468;5;1;22;0
1468;5;1;22;2
1468;5;1;22;3
1468;5;1;23;126
1468;5;1;23;127
1468;5;2;0;118
1468;5;2;1;125
1468;5;2;1;126
1468;5;2;1;127
1468;5;2;2;0
1468;5;2;2;2
1468;5;2;2;3
1468;5;2;3;0
1468;5;2;3;2
1468;5;2;4;0
1468;5;2;4;2
1468;5;2;5;0
1468;5;2;5;1
1468;5;2;5;2
1468;5;2;5;3
1468;5;2;5;6
1468;5;2;5;126
1468;5;2;6;0
1468;5;2;6;2
1468;5;2;6;3
1468;5;2;7;0
1468;5;2;7;2
1468;5;2;8;0
1468;5;2;8;2
1468;5;2;8;126
1468;5;2;9;0
1468;5;2;9;1
1468;5;2;9;2
1468;5;2;10;0
1468;5;2;10;2
1468;5;2;11;0
1468;5;2;11;2
1468;5;2;12;0
1468;5;2;12;1
1468;5;2;12;2
1468;5;2;13;0
1468;5;2;13;2
1468;5;2;14;0
1468;5;2;14;2
1468;5;2;15;0
1468;5;2;15;1
1468;5;2;15;2
1468;5;2;16;0
1468;5;2;16;2
1468;5;2;17;2
1468;5;2;18;125
1468;5;2;18;126
1468;5;2;18;127
1468;5;2;19;125
1468;5;2;19;126
1468;5;2;19;127
1468;5;2;20;125
1468;5;2;20;126
1468;5;2;20;127
1468;5;2;21;122
1468;5;2;21;124
1468;5;2;21;125
1468;5;2;21;126
1468;5;2;21;127
1468;5;2;22;126
1468;5;2;23;125
1468;5;2;23;126
1468;5;2;23;127
1468;5;3;0;93
1468;5;3;0;126
1468;5;3;1;126
1468;5;3;2;0
1468;5;3;2;2
1468;5;3;2;3
1468;5;3;3;0
1468;5;3;3;2
1468;5;3;3;3
1468;5;3;4;0
1468;5;3;4;2
1468;5;3;4;3
1468;5;3;5;0
1468;5;3;5;2
1468;5;3;6;0
1468;5;3;6;1
1468;5;3;6;2
1468;5;3;6;4
1468;5;3;6;12
1468;5;3;7;0
1468;5;3;7;22
1468;5;3;8;0
1468;5;3;9;0
1468;5;3;9;2
1468;5;3;10;0
1468;5;3;10;2
1468;5;3;11;1
1468;5;3;11;2
1468;5;3;12;0
1468;5;3;12;2
1468;5;3;13;0
1468;5;3;13;2
1468;5;3;15;0
1468;5;3;15;2
1468;5;3;16;2
1468;5;3;18;126
1468;5;3;19;125
1468;5;3;19;126
1468;5;3;20;126
1468;5;3;21;125
1468;5;3;21;126
1468;5;3;21;127
1468;5;3;23;126
1468;5;4;7;2
1468;5;4;9;0
1468;5;4;9;2
1468;5;4;10;0
1468;5;4;10;2
1468;5;4;11;2
1468;5;4;11;3
1468;5;4;11;21
1468;5;4;11;25
1468;5;4;11;31
1468;5;4;11;34
1468;5;4;11;41
1468;5;4;11;45
1468;5;4;11;50
1468;5;4;11;54
1468;5;4;11;76
1468;5;4;11;93
1468;5;4;12;41
1468;5;4;12;47
1468;5;4;12;50
1468;5;4;12;63
1468;5;4;12;126
1468;5;4;13;0
1468;5;4;13;1
1468;5;4;13;2
1468;5;4;13;3
1468;5;4;15;0
1468;5;4;15;2
1468;5;4;17;2
1468;5;4;17;3
1468;5;4;18;126
1468;5;4;19;120
1468;5;4;19;124
1468;5;4;19;126
1468;5;4;20;0
1468;5;4;20;2
1468;5;4;20;3
1468;5;4;21;125
1468;5;4;21;126
1468;5;4;21;127
1468;5;4;22;0
1468;5;4;22;2
1468;5;4;22;3
1468;5;5;0;122
1468;5;5;0;126
1468;5;5;0;127
1468;5;5;1;125
1468;5;5;1;126
1468;5;5;1;127
1468;5;5;2;2
1468;5;5;3;0
1468;5;5;3;2
1468;5;5;4;125
1468;5;5;4;126
1468;5;5;4;127
1468;5;5;5;0
1468;5;5;5;2
1468;5;5;6;126
1468;5;5;6;127
1468;5;5;7;0
1468;5;5;7;2
1468;5;5;7;3
1468;5;5;7;6
1468;5;5;7;7
1468;5;5;8;0
1468;5;5;8;2
1468;5;5;9;0
1468;5;5;9;2
1468;5;5;10;0
1468;5;5;10;2
1468;5;5;12;47
1468;5;5;12;50
1468;5;5;12;63
1468;5;5;12;126
1468;5;5;13;0
1468;5;5;13;2
1468;5;5;14;125
1468;5;5;15;0
1468;5;5;15;1
1468;5;5;15;2
1468;5;5;16;0
1468;5;5;16;2
1468;5;5;17;2
1468;5;5;17;3
1468;5;5;18;126
1468;5;5;18;127
1468;5;5;19;126
1468;5;5;19;127
1468;5;5;20;0
1468;5;5;20;2
1468;5;5;20;3
1468;5;5;21;121
1468;5;5;21;123
1468;5;5;22;0
1468;5;5;23;122
1468;5;5;23;125
1468;5;6;2;0
1468;5;6;2;2
1468;5;6;2;3
1468;5;6;3;2
1468;5;6;4;2
1468;5;6;4;3
1468;5;6;5;0
1468;5;6;5;2
1468;5;6;6;2
1468;5;6;7;2
1468;5;6;8;0
1468;5;6;8;2
1468;5;6;10;0
1468;5;6;10;2
1468;5;6;12;0
1468;5;6;12;2
1468;5;6;13;0
1468;5;6;13;2
1468;5;6;17;7
1468;5;6;18;126
1468;5;6;19;126
1468;5;6;20;126
1468;5;6;21;126
1468;5;6;23;126
1468;5;7;2;2
1468;5;7;4;0
1468;5;7;4;2
1468;5;7;5;0
1468;5;7;5;2
1468;5;7;10;2
1468;5;7;11;1
1468;5;7;12;2
1468;5;7;13;0
1468;5;7;13;2
1468;5;7;16;2
1468;5;7;18;122
1468;5;7;18;126
1468;5;7;18;127
1468;5;7;19;126
1468;5;7;20;126
1468;5;7;21;125
1468;5;7;21;126
1468;5;8;0;126
1468;5;8;1;126
1468;5;8;2;0
1468;5;8;2;2
1468;5;8;3;0
1468;5;8;3;2
1468;5;8;4;124
1468;5;8;4;125
1468;5;8;4;126
1468;5;8;5;0
1468;5;8;5;2
1468;5;8;6;126
1468;5;8;7;2
1468;5;8;8;0
1468;5;8;8;2
1468;5;8;9;0
1468;5;8;9;2
1468;5;8;10;0
1468;5;8;10;2
1468;5;8;12;82
1468;5;8;12;83
1468;5;8;12;89
1468;5;8;12;95
1468;5;8;12;98
1468;5;8;13;0
1468;5;8;13;1
1468;5;8;13;2
1468;5;8;15;0
1468;5;8;15;2
1468;5;8;16;2
1468;5;8;17;0
1468;5;8;17;2
1468;5;8;17;3
1468;5;8;17;6
1468;5;8;17;23
1468;5;8;18;125
1468;5;8;18;126
1468;5;8;19;126
1468;5;8;20;0
1468;5;8;20;2
1468;5;8;21;125
1468;5;8;21;126
1468;5;8;22;2
1468;5;8;23;126
1468;5;9;1;126
1468;5;9;2;2
1468;5;9;3;0
1468;5;9;3;16
1468;5;9;3;20
1468;5;9;4;126
1468;5;9;4;127
1468;5;9;5;0
1468;5;9;5;2
1468;5;9;7;2
1468;5;9;8;0
1468;5;9;8;2
1468;5;9;9;2
1468;5;9;10;0
1468;5;9;10;2
1468;5;9;11;3
1468;5;9;11;34
1468;5;9;12;89
1468;5;9;13;0
1468;5;9;13;1
1468;5;9;13;2
1468;5;9;13;3
1468;5;9;15;2
1468;5;9;16;2
1468;5;9;17;2
1468;5;9;18;126
1468;5;9;19;126
1468;5;9;20;0
1468;5;9;20;2
1468;5;9;21;125
1468;5;9;21;126
1468;5;9;22;0
1468;5;9;22;2
1468;5;9;23;126
1468;5;10;1;126
1468;5;10;2;2
1468;5;10;2;3
1468;5;10;3;2
1468;5;10;3;3
1468;5;10;4;0
1468;5;10;4;2
1468;5;10;5;0
1468;5;10;5;2
1468;5;10;5;6
1468;5;10;6;0
1468;5;10;6;2
1468;5;10;7;0
1468;5;10;7;2
1468;5;10;8;0
1468;5;10;9;0
1468;5;10;9;2
1468;5;10;10;0
1468;5;10;10;2
1468;5;10;10;38
1468;5;10;10;39
1468;5;10;11;0
1468;5;10;11;2
1468;5;10;12;0
1468;5;10;12;2
1468;5;10;15;0
1468;5;10;15;2
1468;5;10;18;126
1468;5;10;19;126
1468;5;11;1;126
1468;5;11;2;2
1468;5;11;3;2
1468;5;11;4;0
1468;5;11;4;2
1468;5;11;5;0
1468;5;11;5;2
1468;5;11;9;0
1468;5;11;10;2
1468;5;11;17;2
1468;5;11;18;125
1468;5;11;18;126
1468;5;11;19;126
1468;5;11;20;124
1468;5;11;20;125
1468;5;11;20;126
1468;5;11;21;125
1468;5;11;21;126
1468;5;11;22;126
1467;7;0;0;127
1467;7;0;1;125
1467;7;0;1;126
1467;7;0;1;127
1467;7;0;2;0
1467;7;0;2;2
1467;7;0;2;3
1467;7;0;4;125
1467;7;0;4;126
1467;7;0;4;127
1467;7;0;5;0
1467;7;0;5;2
1467;7;0;5;3
1467;7;0;6;125
1467;7;0;6;126
1467;7;0;6;127
1467;7;0;7;0
1467;7;0;7;2
1467;7;0;8;0
1467;7;0;8;2
1467;7;0;9;0
1467;7;0;9;2
1467;7;0;10;0
1467;7;0;10;2
1467;7;0;12;125
1467;7;0;12;126
1467;7;0;13;0
1467;7;0;13;2
1467;7;0;14;125
1467;7;0;14;126
1467;7;0;15;0
1467;7;0;15;2
1467;7;0;16;0
1467;7;0;16;2
1467;7;0;16;3
1467;7;0;17;2
1467;7;0;17;16
1467;7;0;18;126
1467;7;0;18;127
1467;7;0;19;122
1467;7;0;20;0
1467;7;0;20;2
1467;7;0;20;3
1467;7;0;21;125
1467;7;0;21;126
1467;7;0;21;127
1467;7;0;22;0
1467;7;0;22;2
1467;7;0;22;3
1467;7;1;0;126
1467;7;1;0;127
1467;7;1;1;126
1467;7;1;1;127
1467;7;1;2;2
1467;7;1;3;2
1467;7;1;4;126
1467;7;1;4;127
1467;7;1;5;0
1467;7;1;5;2
1467;7;1;5;3
1467;7;1;6;122
1467;7;1;6;126
1467;7;1;6;127
1467;7;1;7;76
1467;7;1;7;77
1467;7;1;7;78
1467;7;1;8;0
1467;7;1;9;0
1467;7;1;9;2
1467;7;1;10;0
1467;7;1;10;2
1467;7;1;13;0
1467;7;1;13;1
1467;7;1;13;2
1467;7;1;13;3
1467;7;1;14;125
1467;7;1;15;0
1467;7;1;17;2
1467;7;1;17;3
1467;7;1;17;6
1467;7;1;17;7
1467;7;1;18;126
1467;7;1;19;126
1467;7;1;20;0
1467;7;1;20;2
1467;7;1;21;125
1467;7;1;21;126
1467;7;1;22;2
1467;7;1;23;126
1467;7;2;0;126
1467;7;2;1;126
1467;7;2;2;0
1467;7;2;2;2
1467;7;2;2;3
1467;7;2;3;2
1467;7;2;3;3
1467;7;2;4;0
1467;7;2;4;2
1467;7;2;4;3
1467;7;2;5;0
1467;7;2;5;2
1467;7;2;5;3
1467;7;2;6;2
1467;7;2;8;0
1467;7;2;9;0
1467;7;2;9;2
1467;7;2;9;74
1467;7;2;9;78
1467;7;2;9;79
1467;7;2;10;0
1467;7;2;10;2
1467;7;2;11;0
1467;7;2;11;2
1467;7;2;12;2
1467;7;2;13;0
1467;7;2;13;2
1467;7;2;15;0
1467;7;2;15;2
1467;7;2;16;2
1467;7;2;18;12
1467;7;2;18;13
1467;7;2;18;126
1467;7;2;19;126
1467;7;2;20;126
1467;7;2;21;126
1467;7;3;2;2
1467;7;3;3;2
1467;7;3;4;0
1467;7;3;4;2
1467;7;3;5;0
1467;7;3;5;2
1467;7;3;6;0
1467;7;3;6;2
1467;7;3;7;2
1467;7;3;9;0
1467;7;3;10;0
1467;7;3;10;2
1467;7;3;11;2
1467;7;3;14;0
1467;7;3;15;0
1467;7;3;17;2
1467;7;3;18;126
1467;7;3;19;126
1467;7;3;19;127
1467;7;3;21;125
1467;7;3;21;126
1467;7;4;0;126
1467;7;4;0;127
1467;7;4;1;126
1467;7;4;2;2
1467;7;4;2;3
1467;7;4;3;2
1467;7;4;4;126
1467;7;4;4;127
1467;7;4;5;0
1467;7;4;5;2
1467;7;4;5;10
1467;7;4;5;27
1467;7;4;6;125
1467;7;4;6;126
1467;7;4;6;127
1467;7;4;7;110
1467;7;4;8;0
1467;7;4;9;0
1467;7;4;9;2
1467;7;4;10;0
1467;7;4;10;2
1467;7;4;11;2
1467;7;4;12;125
1467;7;4;12;126
1467;7;4;13;0
1467;7;4;13;2
1467;7;4;14;125
1467;7;4;15;0
1467;7;4;16;2
1467;7;4;16;42
1467;7;4;16;46
1467;7;4;16;47
1467;7;4;17;2
1467;7;4;17;3
1467;7;4;17;6
1467;7;4;18;126
1467;7;4;19;127
1467;7;4;20;0
1467;7;4;20;11
1467;7;4;20;12
1467;7;4;20;21
1467;7;4;20;25
1467;7;4;21;125
1467;7;4;21;126
1467;7;4;22;2
1467;7;5;0;126
1467;7;5;1;126
1467;7;5;1;127
1467;7;5;2;0
1467;7;5;2;2
1467;7;5;2;3
1467;7;5;4;126
1467;7;5;5;0
1467;7;5;5;2
1467;7;5;6;126
1467;7;5;7;2
1467;7;5;8;0
1467;7;5;8;2
1467;7;5;9;0
1467;7;5;10;0
1467;7;5;10;2
1467;7;5;12;126
1467;7;5;13;0
1467;7;5;13;1
1467;7;5;13;2
1467;7;5;15;0
1467;7;5;15;2
1467;7;5;17;2
1467;7;5;17;3
1467;7;5;17;59
1467;7;5;18;126
1467;7;5;19;126
1467;7;5;20;2
1467;7;5;20;3
1467;7;5;21;125
1467;7;5;21;126
1467;7;5;22;0
1467;7;5;22;2
1467;7;6;1;125
1467;7;6;1;126
1467;7;6;2;2
1467;7;6;4;0
1467;7;6;4;2
1467;7;6;5;0
1467;7;6;5;2
1467;7;6;7;2
1467;7;6;9;2
1467;7;6;10;2
1467;7;6;11;2
1467;7;6;12;0
1467;7;6;12;2
1467;7;6;12;3
1467;7;6;15;0
1467;7;6;18;126
1467;7;6;19;126
1467;7;6;19;127
1467;7;6;20;126
1467;7;6;21;126
1467;7;7;2;2
1467;7;7;3;2
1467;7;7;4;0
1467;7;7;4;2
1467;7;7;6;2
1467;7;7;7;2
1467;7;7;9;2
1467;7;7;12;0
1467;7;7;12;2
1467;7;7;15;0
1467;7;7;18;126
1467;7;7;19;126
1467;7;7;20;126
1467;7;7;21;126
1467;7;8;0;126
1467;7;8;1;126
1467;7;8;1;127
1467;7;8;2;0
1467;7;8;2;2
1467;7;8;2;3
1467;7;8;3;2
1467;7;8;3;3
1467;7;8;4;125
1467;7;8;4;126
1467;7;8;4;127
1467;7;8;5;0
1467;7;8;5;2
1467;7;8;5;3
1467;7;8;6;121
1467;7;8;6;124
1467;7;8;6;125
1467;7;8;6;126
1467;7;8;6;127
1467;7;8;7;0
1467;7;8;7;2
1467;7;8;7;3
1467;7;8;8;0
1467;7;8;8;2
1467;7;8;9;0
1467;7;8;9;2
1467;7;8;9;3
1467;7;8;10;0
1467;7;8;10;2
1467;7;8;11;0
1467;7;8;12;41
1467;7;8;12;44
1467;7;8;12;47
1467;7;8;12;50
1467;7;8;12;56
1467;7;8;12;57
1467;7;8;12;63
1467;7;8;12;126
1467;7;8;13;0
1467;7;8;13;1
1467;7;8;13;2
1467;7;8;13;3
1467;7;8;15;0
1467;7;8;15;1
1467;7;8;15;2
1467;7;8;15;3
1467;7;8;16;2
1467;7;8;17;2
1467;7;8;17;3
1467;7;8;18;126
1467;7;8;19;126
1467;7;8;20;0
1467;7;8;20;2
1467;7;8;21;125
1467;7;8;21;126
1467;7;8;21;127
1467;7;8;22;0
1467;7;8;22;2
1467;7;8;23;126
1467;7;8;23;127
1467;7;9;0;126
1467;7;9;1;126
1467;7;9;1;127
1467;7;9;2;2
1467;7;9;3;2
1467;7;9;4;125
1467;7;9;4;126
1467;7;9;4;127
1467;7;9;5;0
1467;7;9;5;1
1467;7;9;5;2
1467;7;9;6;126
1467;7;9;6;127
1467;7;9;7;2
1467;7;9;8;0
1467;7;9;8;2
1467;7;9;9;0
1467;7;9;9;2
1467;7;9;10;0
1467;7;9;10;2
1467;7;9;12;125
1467;7;9;13;0
1467;7;9;13;2
1467;7;9;13;3
1467;7;9;14;125
1467;7;9;14;126
1467;7;9;15;0
1467;7;9;15;2
1467;7;9;16;2
1467;7;9;17;2
1467;7;9;17;3
1467;7;9;18;122
1467;7;9;18;126
1467;7;9;18;127
1467;7;9;19;126
1467;7;9;19;127
1467;7;9;20;2
1467;7;9;20;3
1467;7;9;21;125
1467;7;9;21;126
1467;7;9;21;127
1467;7;9;22;2
1467;7;9;22;3
1467;7;9;23;126
1467;7;10;0;126
1467;7;10;1;126
1467;7;10;2;2
1467;7;10;3;2
1467;7;10;4;0
1467;7;10;4;2
1467;7;10;4;3
1467;7;10;5;0
1467;7;10;5;2
1467;7;10;5;3
1467;7;10;5;6
1467;7;10;5;7
1467;7;10;5;10
1467;7;10;5;11
1467;7;10;5;14
1467;7;10;7;0
1467;7;10;7;2
1467;7;10;8;0
1467;7;10;8;2
1467;7;10;9;0
1467;7;10;9;2
1467;7;10;10;0
1467;7;10;10;2
1467;7;10;11;0
1467;7;10;11;2
1467;7;10;12;0
1467;7;10;12;2
1467;7;10;13;0
1467;7;10;13;2
1467;7;10;14;2
1467;7;10;15;0
1467;7;10;15;2
1467;7;10;15;65
1467;7;10;15;68
1467;7;10;16;2
1467;7;10;17;2
1467;7;10;17;3
1467;7;10;17;6
1467;7;10;18;122
1467;7;10;18;126
1467;7;10;18;127
1467;7;10;19;126
1467;7;10;20;125
1467;7;10;20;126
1467;7;10;20;127
1467;7;10;21;122
1467;7;10;21;125
1467;7;10;21;126
1467;7;10;21;127
1467;7;10;22;126
1467;7;10;23;126
1467;7;11;0;126
1467;7;11;1;0
1467;7;11;1;122
1467;7;11;1;125
1467;7;11;1;126
1467;7;11;1;127
1467;7;11;2;0
1467;7;11;2;2
1467;7;11;2;3
1467;7;11;3;0
1467;7;11;3;2
1467;7;11;3;3
1467;7;11;4;0
1467;7;11;4;2
1467;7;11;4;3
1467;7;11;5;0
1467;7;11;5;1
1467;7;11;5;2
1467;7;11;5;3
1467;7;11;5;6
1467;7;11;6;0
1467;7;11;6;2
1467;7;11;7;0
1467;7;11;7;2
1467;7;11;8;0
1467;7;11;8;2
1467;7;11;9;0
1467;7;11;9;2
1467;7;11;10;0
1467;7;11;10;2
1467;7;11;11;0
1467;7;11;11;2
1467;7;11;12;0
1467;7;11;12;2
1467;7;11;13;0
1467;7;11;13;2
1467;7;11;14;0
1467;7;11;14;2
1467;7;11;15;0
1467;7;11;15;2
1467;7;11;16;2
1467;7;11;17;0
1467;7;11;17;2
1467;7;11;17;3
1467;7;11;18;122
1467;7;11;18;125
1467;7;11;18;126
1467;7;11;18;127
1467;7;11;19;122
1467;7;11;19;125
1467;7;11;19;126
1467;7;11;19;127
1467;7;11;20;125
1467;7;11;20;126
1467;7;11;20;127
1467;7;11;21;122
1467;7;11;21;124
1467;7;11;21;125
1467;7;11;21;126
1467;7;11;21;127
1467;7;11;22;125
1467;7;11;22;126
1467;7;11;22;127
1467;7;11;23;125
1467;7;11;23;126
1468;7;0;0;125
1468;7;0;0;126
1468;7;0;0;127
1468;7;0;1;125
1468;7;0;1;126
1468;7;0;1;127
1468;7;0;2;0
1468;7;0;2;2
1468;7;0;2;3
1468;7;0;3;2
1468;7;0;4;125
1468;7;0;4;126
1468;7;0;4;127
1468;7;0;5;0
1468;7;0;5;2
1468;7;0;5;3
1468;7;0;6;125
1468;7;0;6;126
1468;7;0;7;0
1468;7;0;7;2
1468;7;0;7;3
1468;7;0;8;0
1468;7;0;8;1
1468;7;0;8;2
1468;7;0;8;126
1468;7;0;9;0
1468;7;0;9;2
1468;7;0;9;3
1468;7;0;10;0
1468;7;0;10;2
1468;7;0;11;0
1468;7;0;11;2
1468;7;0;12;125
1468;7;0;12;126
1468;7;0;13;0
1468;7;0;13;1
1468;7;0;13;2
1468;7;0;13;3
1468;7;0;14;122
1468;7;0;14;126
1468;7;0;14;127
1468;7;0;15;0
1468;7;0;15;1
1468;7;0;15;2
1468;7;0;16;0
1468;7;0;16;2
1468;7;0;16;3
1468;7;0;17;0
1468;7;0;17;2
1468;7;0;17;3
1468;7;0;17;6
1468;7;0;18;125
1468;7;0;18;126
1468;7;0;18;127
1468;7;0;19;122
1468;7;0;19;126
1468;7;0;19;127
1468;7;0;20;0
1468;7;0;20;2
1468;7;0;20;3
1468;7;0;21;125
1468;7;0;21;126
1468;7;0;21;127
1468;7;0;22;0
1468;7;0;22;2
1468;7;0;22;3
1468;7;0;23;125
1468;7;0;23;126
1468;7;0;23;127
1468;7;2;0;122
1468;7;2;0;125
1468;7;2;0;126
1468;7;2;0;127
1468;7;2;1;125
1468;7;2;1;126
1468;7;2;1;127
1468;7;2;2;0
1468;7;2;2;2
1468;7;2;2;3
1468;7;2;3;0
1468;7;2;3;2
1468;7;2;3;3
1468;7;2;4;0
1468;7;2;4;2
1468;7;2;4;3
1468;7;2;5;0
1468;7;2;5;1
1468;7;2;5;2
1468;7;2;5;3
1468;7;2;5;6
1468;7;2;5;126
1468;7;2;6;0
1468;7;2;6;2
1468;7;2;6;3
1468;7;2;6;6
1468;7;2;7;0
1468;7;2;7;1
1468;7;2;7;2
1468;7;2;7;3
1468;7;2;7;52
1468;7;2;7;64
1468;7;2;7;126
1468;7;2;8;0
1468;7;2;8;2
1468;7;2;8;126
1468;7;2;9;0
1468;7;2;9;2
1468;7;2;10;0
1468;7;2;10;2
1468;7;2;11;0
1468;7;2;11;2
1468;7;2;12;0
1468;7;2;12;2
1468;7;2;13;0
1468;7;2;13;2
1468;7;2;14;0
1468;7;2;14;1
1468;7;2;14;2
1468;7;2;15;0
1468;7;2;15;2
1468;7;2;16;0
1468;7;2;16;2
1468;7;2;16;3
1468;7;2;17;0
1468;7;2;17;2
1468;7;2;17;3
1468;7;2;18;125
1468;7;2;18;126
1468;7;2;18;127
1468;7;2;19;118
1468;7;2;19;124
1468;7;2;19;125
1468;7;2;19;126
1468;7;2;19;127
1468;7;2;20;118
1468;7;2;20;119
1468;7;2;20;124
1468;7;2;20;125
1468;7;2;21;122
1468;7;2;21;124
1468;7;2;21;125
1468;7;2;21;126
1468;7;2;21;127
1468;7;2;22;125
1468;7;2;22;126
1468;7;2;22;127
1468;7;2;23;125
1468;7;2;23;126
1468;7;2;23;127
1468;7;3;7;0
1468;7;3;7;1
1468;7;3;7;2
1468;7;3;8;0
1468;7;3;9;0
1468;7;3;9;2
1468;7;3;10;0
1468;7;3;10;2
1468;7;3;10;3
1468;7;3;11;0
1468;7;3;11;2
1468;7;3;11;3
1468;7;3;12;0
1468;7;3;12;2
1468;7;3;12;3
1468;7;3;13;0
1468;7;3;13;1
1468;7;3;13;2
1468;7;3;13;3
1468;7;3;14;0
1468;7;3;14;2
1468;7;3;14;3
1468;7;3;15;70
1468;7;3;15;78
1468;7;3;17;0
1468;7;3;17;2
1468;7;3;17;3
1468;7;3;18;0
1468;7;3;18;22
1468;7;3;18;35
1468;7;3;18;90
1468;7;3;20;126
1468;7;3;21;126
1468;7;3;23;126
1468;7;4;0;122
1468;7;4;0;126
1468;7;4;0;127
1468;7;4;1;126
1468;7;4;1;127
1468;7;4;2;0
1468;7;4;2;2
1468;7;4;2;3
1468;7;4;3;2
1468;7;4;4;126
1468;7;4;4;127
1468;7;4;5;0
1468;7;4;5;2
1468;7;4;6;125
1468;7;4;6;126
1468;7;4;6;127
1468;7;4;7;2
1468;7;4;8;0
1468;7;4;8;2
1468;7;4;9;0
1468;7;4;9;2
1468;7;4;10;0
1468;7;4;10;2
1468;7;4;11;2
1468;7;4;12;125
1468;7;4;12;126
1468;7;4;13;0
1468;7;4;13;1
1468;7;4;13;2
1468;7;4;14;125
1468;7;4;15;0
1468;7;4;15;2
1468;7;4;16;2
1468;7;4;17;0
1468;7;4;17;2
1468;7;4;17;3
1468;7;4;18;125
1468;7;4;18;126
1468;7;4;18;127
1468;7;4;19;126
1468;7;4;19;127
1468;7;4;20;0
1468;7;4;20;2
1468;7;4;20;3
1468;7;4;21;125
1468;7;4;21;126
1468;7;4;22;0
1468;7;4;22;2
1468;7;4;23;107
1468;7;4;23;118
1468;7;4;23;127
1468;7;5;0;20
1468;7;5;0;21
1468;7;5;0;126
1468;7;5;1;126
1468;7;5;2;0
1468;7;5;2;2
1468;7;5;3;2
1468;7;5;4;114
1468;7;5;4;124
1468;7;5;4;125
1468;7;5;5;0
1468;7;5;5;2
1468;7;5;5;3
1468;7;5;6;126
1468;7;5;7;0
1468;7;5;7;5
1468;7;5;7;15
1468;7;5;9;2
1468;7;5;10;0
1468;7;5;10;2
1468;7;5;13;0
1468;7;5;13;1
1468;7;5;13;2
1468;7;5;13;3
1468;7;5;16;2
1468;7;5;17;2
1468;7;5;18;126
1468;7;5;19;122
1468;7;5;19;126
1468;7;5;19;127
1468;7;5;20;2
1468;7;5;21;125
1468;7;5;21;126
1468;7;5;22;2
1468;7;5;23;126
1468;7;6;0;126
1468;7;6;1;126
1468;7;6;2;0
1468;7;6;2;2
1468;7;6;3;2
1468;7;6;4;0
1468;7;6;4;2
1468;7;6;4;3
1468;7;6;5;0
1468;7;6;5;1
1468;7;6;5;2
1468;7;6;5;3
1468;7;6;6;0
1468;7;6;6;2
1468;7;6;7;2
1468;7;6;8;0
1468;7;6;8;2
1468;7;6;9;0
1468;7;6;9;2
1468;7;6;10;0
1468;7;6;10;2
1468;7;6;11;0
1468;7;6;12;0
1468;7;6;12;2
1468;7;6;13;0
1468;7;6;13;2
1468;7;6;14;0
1468;7;6;14;2
1468;7;6;15;0
1468;7;6;15;2
1468;7;6;15;3
1468;7;6;17;2
1468;7;6;18;126
1468;7;6;18;127
1468;7;6;19;126
1468;7;6;20;125
1468;7;6;20;126
1468;7;6;20;127
1468;7;6;21;125
1468;7;6;21;126
1468;7;6;22;126
1468;7;6;23;94
1468;7;7;1;126
1468;7;7;2;0
1468;7;7;2;2
1468;7;7;2;68
1468;7;7;3;2
1468;7;7;4;0
1468;7;7;4;2
1468;7;7;5;0
1468;7;7;5;2
1468;7;7;5;3
1468;7;7;6;0
1468;7;7;6;2
1468;7;7;7;2
1468;7;7;8;0
1468;7;7;8;2
1468;7;7;8;120
1468;7;7;8;121
1468;7;7;10;0
1468;7;7;10;2
1468;7;7;11;3
1468;7;7;12;0
1468;7;7;12;2
1468;7;7;13;0
1468;7;7;13;2
1468;7;7;15;0
1468;7;7;15;2
1468;7;7;18;122
1468;7;7;18;126
1468;7;7;18;127
1468;7;7;19;122
1468;7;7;19;123
1468;7;7;20;81
1468;7;7;20;114
1468;7;7;20;121
1468;7;7;21;125
1468;7;7;21;126
1468;7;7;22;126
1468;7;7;23;126
1468;7;8;0;92
1468;7;8;0;126
1468;7;8;1;126
1468;7;8;2;2
1468;7;8;3;2
1468;7;8;4;125
1468;7;8;4;126
1468;7;8;4;127
1468;7;8;5;0
1468;7;8;5;2
1468;7;8;5;3
1468;7;8;6;122
1468;7;8;6;126
1468;7;8;6;127
1468;7;8;7;0
1468;7;8;7;6
1468;7;8;8;0
1468;7;8;8;2
1468;7;8;9;0
1468;7;8;9;2
1468;7;8;10;0
1468;7;8;10;2
1468;7;8;12;125
1468;7;8;12;126
1468;7;8;13;0
1468;7;8;13;1
1468;7;8;13;2
1468;7;8;14;124
1468;7;8;14;125
1468;7;8;14;126
1468;7;8;15;0
1468;7;8;15;2
1468;7;8;18;126
1468;7;8;19;126
1468;7;8;20;0
1468;7;8;20;2
1468;7;8;20;3
1468;7;8;21;118
1468;7;8;22;0
1468;7;8;22;14
1468;7;8;23;126
1468;7;9;0;122
1468;7;9;0;125
1468;7;9;0;127
1468;7;9;1;122
1468;7;9;1;125
1468;7;9;1;126
1468;7;9;1;127
1468;7;9;2;0
1468;7;9;2;2
1468;7;9;2;3
1468;7;9;3;2
1468;7;9;4;122
1468;7;9;4;125
1468;7;9;4;126
1468;7;9;4;127
1468;7;9;5;0
1468;7;9;5;6
1468;7;9;6;42
1468;7;9;6;61
1468;7;9;6;73
1468;7;9;6;80
1468;7;9;6;118
1468;7;9;6;123
1468;7;9;6;125
1468;7;9;7;7
1468;7;9;8;0
1468;7;9;8;2
1468;7;9;8;110
1468;7;9;8;111
1468;7;9;8;126
1468;7;9;9;0
1468;7;9;9;2
1468;7;9;9;126
1468;7;9;10;0
1468;7;9;10;2
1468;7;9;10;126
1468;7;9;11;0
1468;7;9;12;125
1468;7;9;12;126
1468;7;9;13;0
1468;7;9;13;1
1468;7;9;13;2
1468;7;9;13;3
1468;7;9;13;4
1468;7;9;14;125
1468;7;9;14;126
1468;7;9;15;0
1468;7;9;15;1
1468;7;9;15;2
1468;7;9;15;3
1468;7;9;15;126
1468;7;9;16;0
1468;7;9;16;2
1468;7;9;17;0
1468;7;9;17;2
1468;7;9;17;3
1468;7;9;18;122
1468;7;9;18;124
1468;7;9;19;36
1468;7;9;19;126
1468;7;9;20;0
1468;7;9;20;2
1468;7;9;20;3
1468;7;9;21;108
1468;7;9;21;117
1468;7;9;21;122
1468;7;9;21;125
1468;7;9;21;126
1468;7;9;21;127
1468;7;9;22;0
1468;7;9;22;1
1468;7;9;22;2
1468;7;9;22;4
1468;7;9;22;19
1468;7;9;23;92
1468;7;9;23;103
1468;7;9;23;106
1468;7;9;23;125
1468;7;9;23;126
1468;7;9;23;127
1468;7;10;0;87
1468;7;10;0;126
1468;7;10;1;126
1468;7;10;1;127
1468;7;10;2;0
1468;7;10;2;2
1468;7;10;3;0
1468;7;10;3;2
1468;7;10;3;3
1468;7;10;4;0
1468;7;10;4;2
1468;7;10;5;0
1468;7;10;5;1
1468;7;10;5;2
1468;7;10;5;3
1468;7;10;6;0
1468;7;10;6;1
1468;7;10;6;2
1468;7;10;6;3
1468;7;10;7;0
1468;7;10;7;1
1468;7;10;7;2
1468;7;10;7;3
1468;7;10;8;0
1468;7;10;8;2
1468;7;10;8;12
1468;7;10;8;13
1468;7;10;9;0
1468;7;10;9;2
1468;7;10;9;3
1468;7;10;10;0
1468;7;10;10;2
1468;7;10;11;0
1468;7;10;11;2
1468;7;10;12;0
1468;7;10;12;2
1468;7;10;13;0
1468;7;10;13;2
1468;7;10;14;0
1468;7;10;14;2
1468;7;10;15;0
1468;7;10;15;1
1468;7;10;15;2
1468;7;10;16;2
1468;7;10;16;44
1468;7;10;16;45
1468;7;10;17;0
1468;7;10;17;2
1468;7;10;18;126
1468;7;10;18;127
1468;7;10;19;122
1468;7;10;19;126
1468;7;10;19;127
1468;7;10;20;122
1468;7;10;20;125
1468;7;10;20;126
1468;7;10;20;127
1468;7;10;21;125
1468;7;10;21;126
1468;7;10;21;127
1468;7;10;22;126
1468;7;10;23;125
1468;7;10;23;126
1468;7;10;23;127
1468;7;11;0;70
1468;7;11;0;71
1468;7;11;0;126
1468;7;11;1;125
1468;7;11;1;126
1468;7;11;1;127
1468;7;11;2;0
1468;7;11;2;2
1468;7;11;2;3
1468;7;11;3;0
1468;7;11;3;2
1468;7;11;3;3
1468;7;11;4;0
1468;7;11;4;2
1468;7;11;4;3
1468;7;11;5;0
1468;7;11;5;1
1468;7;11;5;2
1468;7;11;5;3
1468;7;11;5;6
1468;7;11;5;126
1468;7;11;6;0
1468;7;11;6;1
1468;7;11;6;2
1468;7;11;6;3
1468;7;11;7;2
1468;7;11;8;0
1468;7;11;8;2
1468;7;11;9;0
1468;7;11;9;2
1468;7;11;10;0
1468;7;11;10;2
1468;7;11;11;0
1468;7;11;11;2
1468;7;11;15;20
1468;7;11;15;24
1468;7;11;15;78
1468;7;11;16;2
1468;7;11;16;43
1468;7;11;17;0
1468;7;11;17;2
1468;7;11;18;122
1468;7;11;18;125
1468;7;11;18;126
1468;7;11;18;127
1468;7;11;19;122
1468;7;11;19;125
1468;7;11;19;126
1468;7;11;19;127
1468;7;11;20;0
1468;7;11;20;122
1468;7;11;20;124
1468;7;11;20;125
1468;7;11;20;126
1468;7;11;20;127
1468;7;11;21;114
1468;7;11;21;118
1468;7;11;21;121
1468;7;11;21;122
1468;7;11;21;123
1468;7;11;21;124
1468;7;11;21;125
1468;7;11;21;126
1468;7;11;21;127
1468;7;11;22;125
1468;7;11;22;126
1468;7;11;22;127
1468;7;11;23;2
1468;7;11;23;10
1468;7;11;23;14
1468;7;11;23;42
1468;7;11;23;47
1468;7;11;23;65
1468;7;11;23;73
1467;9;0;0;126
1467;9;0;1;126
1467;9;0;2;0
1467;9;0;2;2
1467;9;0;2;3
1467;9;0;4;125
1467;9;0;4;126
1467;9;0;4;127
1467;9;0;5;0
1467;9;0;5;2
1467;9;0;6;126
1467;9;0;7;2
1467;9;0;8;0
1467;9;0;8;2
1467;9;0;9;0
1467;9;0;9;2
1467;9;0;10;0
1467;9;0;10;2
1467;9;0;12;47
1467;9;0;12;50
1467;9;0;12;63
1467;9;0;12;126
1467;9;0;13;0
1467;9;0;13;2
1467;9;0;13;3
1467;9;0;15;0
1467;9;0;15;2
1467;9;0;17;2
1467;9;0;18;126
1467;9;0;19;126
1467;9;0;20;0
1467;9;0;20;2
1467;9;0;20;3
1467;9;0;21;125
1467;9;0;21;126
1467;9;0;21;127
1467;9;0;22;0
1467;9;0;22;2
1467;9;0;23;126
1467;9;4;1;126
1467;9;4;2;0
1467;9;4;2;1
1467;9;4;2;2
1467;9;4;2;3
1467;9;4;4;125
1467;9;4;4;126
1467;9;4;4;127
1467;9;4;5;0
1467;9;4;5;2
1467;9;4;5;3
1467;9;4;6;126
1467;9;4;6;127
1467;9;4;7;0
1467;9;4;7;2
1467;9;4;8;0
1467;9;4;8;2
1467;9;4;9;0
1467;9;4;9;1
1467;9;4;9;2
1467;9;4;10;0
1467;9;4;10;2
1467;9;4;11;31
1467;9;4;11;34
1467;9;4;11;50
1467;9;4;11;54
1467;9;4;12;126
1467;9;4;13;0
1467;9;4;13;1
1467;9;4;13;2
1467;9;4;14;125
1467;9;4;14;126
1467;9;4;15;0
1467;9;4;15;2
1467;9;4;16;2
1467;9;4;17;2
1467;9;4;18;126
1467;9;4;20;0
1467;9;4;20;2
1467;9;4;20;3
1467;9;4;21;125
1467;9;4;21;126
1467;9;4;22;0
1467;9;4;22;2
1467;9;4;23;126
1467;9;5;0;126
1467;9;5;7;0
1467;9;5;7;2
1467;9;5;7;3
1467;9;5;7;35
1467;9;5;7;38
1467;9;5;8;0
1467;9;5;8;2
1467;9;5;9;0
1467;9;5;9;2
1467;9;5;9;3
1467;9;5;10;0
1467;9;5;10;2
1467;9;5;10;3
1467;9;5;12;126
1467;9;5;13;0
1467;9;5;13;1
1467;9;5;13;2
1467;9;5;14;126
1467;9;5;15;0
1467;9;5;15;2
1467;9;5;17;0
1467;9;5;17;2
1467;9;5;17;3
1467;9;5;18;126
1467;9;5;18;127
1467;9;5;19;126
1467;9;5;20;0
1467;9;5;20;2
1467;9;5;20;3
1467;9;5;21;125
1467;9;5;21;126
1467;9;5;21;127
1467;9;5;22;0
1467;9;5;22;2
1467;9;5;23;126
1467;9;6;2;2
1467;9;6;3;2
1467;9;6;3;3
1467;9;6;3;6
1467;9;6;3;7
1467;9;6;3;14
1467;9;6;3;15
1467;9;6;4;0
1467;9;6;4;2
1467;9;6;5;0
1467;9;6;5;2
1467;9;6;6;2
1467;9;6;7;2
1467;9;6;12;2
1467;9;6;13;0
1467;9;6;14;60
1467;9;6;18;126
1467;9;6;18;127
1467;9;6;19;126
1467;9;6;19;127
1467;9;6;20;126
1467;9;6;21;126
1467;9;7;2;2
1467;9;7;3;2
1467;9;7;4;2
1467;9;7;5;0
1467;9;7;5;2
1467;9;7;6;0
1467;9;7;6;2
1467;9;7;7;33
1467;9;7;7;34
1467;9;7;9;2
1467;9;7;10;2
1467;9;7;12;2
1467;9;7;13;0
1467;9;7;15;0
1467;9;7;18;126
1467;9;7;19;126
1467;9;7;20;126
1467;9;7;21;126
1467;9;8;0;122
1467;9;8;0;125
1467;9;8;0;126
1467;9;8;0;127
1467;9;8;1;122
1467;9;8;1;125
1467;9;8;1;126
1467;9;8;1;127
1467;9;8;2;0
1467;9;8;2;2
1467;9;8;2;3
1467;9;8;3;0
1467;9;8;3;2
1467;9;8;3;3
1467;9;8;4;122
1467;9;8;4;125
1467;9;8;4;126
1467;9;8;4;127
1467;9;8;5;0
1467;9;8;5;2
1467;9;8;5;3
1467;9;8;6;122
1467;9;8;6;124
1467;9;8;6;125
1467;9;8;6;126
1467;9;8;6;127
1467;9;8;7;0
1467;9;8;7;2
1467;9;8;7;3
1467;9;8;7;6
1467;9;8;8;0
1467;9;8;8;2
1467;9;8;8;3
1467;9;8;8;126
1467;9;8;12;125
1467;9;8;12;126
1467;9;8;13;0
1467;9;8;13;1
1467;9;8;13;2
1467;9;8;13;3
1467;9;8;13;4
1467;9;8;13;126
1467;9;8;14;125
1467;9;8;14;126
1467;9;8;14;127
1467;9;8;15;0
1467;9;8;15;1
1467;9;8;15;2
1467;9;8;15;3
1467;9;8;15;4
1467;9;8;15;126
1467;9;8;16;0
1467;9;8;16;2
1467;9;8;16;3
1467;9;8;23;103
1467;9;8;23;122
1467;9;8;23;125
1467;9;8;23;126
1467;9;8;23;127
1467;9;9;0;126
1467;9;9;1;126
1467;9;9;1;127
1467;9;9;2;0
1467;9;9;2;2
1467;9;9;2;3
1467;9;9;3;0
1467;9;9;3;2
1467;9;9;4;125
1467;9;9;4;126
1467;9;9;4;127
1467;9;9;5;0
1467;9;9;5;2
1467;9;9;5;3
1467;9;9;6;126
1467;9;9;7;0
1467;9;9;7;2
1467;9;9;8;0
1467;9;9;8;2
1467;9;9;9;0
1467;9;9;9;2
1467;9;9;9;3
1467;9;9;10;0
1467;9;9;10;2
1467;9;9;12;47
1467;9;9;13;0
1467;9;9;13;1
1467;9;9;13;2
1467;9;9;14;125
1467;9;9;14;126
1467;9;9;15;0
1467;9;9;15;2
1467;9;9;16;0
1467;9;9;16;2
1467;9;9;16;3
1467;9;9;16;43
1467;9;9;16;55
1467;9;9;16;59
1467;9;9;17;0
1467;9;9;17;2
1467;9;9;17;3
1467;9;9;18;125
1467;9;9;18;126
1467;9;9;18;127
1467;9;9;19;122
1467;9;9;19;126
1467;9;9;19;127
1467;9;9;20;2
1467;9;9;20;89
1467;9;9;21;125
1467;9;9;21;126
1467;9;9;21;127
1467;9;9;22;0
1467;9;9;22;2
1467;9;9;23;125
1467;9;9;23;126
1467;9;9;23;127
1467;9;10;3;2
1467;9;10;4;0
1467;9;10;4;2
1467;9;10;5;0
1467;9;10;5;2
1467;9;10;6;14
1467;9;10;6;16
1467;9;10;7;16
1467;9;10;7;17
1467;9;10;12;2
1467;9;10;13;0
1467;9;10;18;126
1467;9;10;19;126
1467;9;10;20;126
1467;9;10;23;65
1467;9;11;2;2
1467;9;11;2;3
1467;9;11;3;2
1467;9;11;4;0
1467;9;11;4;2
1467;9;11;5;0
1467;9;11;5;2
1467;9;11;6;0
1467;9;11;6;2
1467;9;11;12;2
1467;9;11;13;0
1467;9;11;13;91
1467;9;11;13;92
1467;9;11;18;126
1467;9;11;19;89
1467;9;11;19;92
1467;9;11;19;93
1467;9;11;19;96
1467;9;11;19;126
1467;9;11;20;126
1467;9;11;21;125
1467;9;11;21;126
1468;9;0;0;126
1468;9;0;1;125
1468;9;0;1;126
1468;9;0;2;0
1468;9;0;2;2
1468;9;0;3;0
1468;9;0;3;2
1468;9;0;3;16
1468;9;0;3;20
1468;9;0;4;125
1468;9;0;4;126
1468;9;0;4;127
1468;9;0;5;0
1468;9;0;5;2
1468;9;0;6;125
1468;9;0;6;126
1468;9;0;7;2
1468;9;0;7;3
1468;9;0;7;6
1468;9;0;9;0
1468;9;0;9;2
1468;9;0;10;0
1468;9;0;10;2
1468;9;0;11;3
1468;9;0;11;31
1468;9;0;11;34
1468;9;0;11;50
1468;9;0;11;54
1468;9;0;12;125
1468;9;0;12;126
1468;9;0;13;0
1468;9;0;13;1
1468;9;0;13;2
1468;9;0;13;3
1468;9;0;15;0
1468;9;0;15;2
1468;9;0;16;0
1468;9;0;16;2
1468;9;0;16;3
1468;9;0;17;2
1468;9;0;18;125
1468;9;0;18;126
1468;9;0;19;120
1468;9;0;19;126
1468;9;0;20;0
1468;9;0;20;2
1468;9;0;21;125
1468;9;0;21;126
1468;9;0;22;0
1468;9;0;22;2
1468;9;0;23;19
1468;9;0;23;126
1468;9;1;0;126
1468;9;1;0;127
1468;9;1;1;126
1468;9;1;1;127
1468;9;1;2;2
1468;9;1;4;126
1468;9;1;5;0
1468;9;1;5;2
1468;9;1;6;126
1468;9;1;6;127
1468;9;1;7;2
1468;9;1;9;0
1468;9;1;9;2
1468;9;1;10;0
1468;9;1;10;2
1468;9;1;11;3
1468;9;1;11;31
1468;9;1;11;34
1468;9;1;11;54
1468;9;1;13;0
1468;9;1;13;2
1468;9;1;15;0
1468;9;1;16;2
1468;9;1;17;2
1468;9;1;18;8
1468;9;1;18;9
1468;9;1;18;126
1468;9;1;20;2
1468;9;1;21;125
1468;9;1;21;126
1468;9;1;23;126
1468;9;2;2;2
1468;9;2;2;3
1468;9;2;3;2
1468;9;2;4;0
1468;9;2;4;2
1468;9;2;8;0
1468;9;2;8;2
1468;9;2;9;0
1468;9;2;9;2
1468;9;2;10;0
1468;9;2;10;2
1468;9;2;12;2
1468;9;2;13;0
1468;9;2;13;2
1468;9;2;18;126
1468;9;2;18;127
1468;9;2;19;126
1468;9;2;20;125
1468;9;2;20;126
1468;9;2;21;126
1468;9;3;0;89
1468;9;3;0;92
1468;9;3;0;126
1468;9;3;1;126
1468;9;3;2;0
1468;9;3;2;2
1468;9;3;3;2
1468;9;3;4;2
1468;9;3;5;0
1468;9;3;5;2
1468;9;3;7;2
1468;9;3;7;16
1468;9;3;8;0
1468;9;3;8;2
1468;9;3;9;0
1468;9;3;9;2
1468;9;3;10;0
1468;9;3;10;2
1468;9;3;10;114
1468;9;3;10;115
1468;9;3;12;2
1468;9;3;13;0
1468;9;3;13;2
1468;9;3;18;126
1468;9;3;18;127
1468;9;3;19;126
1468;9;3;20;124
1468;9;3;20;125
1468;9;3;20;126
1468;9;3;20;127
1468;9;3;21;126
1468;9;4;0;126
1468;9;4;0;127
1468;9;4;1;126
1468;9;4;2;0
1468;9;4;2;2
1468;9;4;2;3
1468;9;4;2;10
1468;9;4;2;14
1468;9;4;2;27
1468;9;4;3;0
1468;9;4;3;2
1468;9;4;4;126
1468;9;4;4;127
1468;9;4;5;0
1468;9;4;5;2
1468;9;4;5;3
1468;9;4;6;125
1468;9;4;7;0
1468;9;4;7;116
1468;9;4;7;127
1468;9;4;8;0
1468;9;4;8;2
1468;9;4;9;0
1468;9;4;9;2
1468;9;4;10;0
1468;9;4;10;2
1468;9;4;10;3
1468;9;4;11;2
1468;9;4;11;3
1468;9;4;12;126
1468;9;4;13;0
1468;9;4;13;1
1468;9;4;13;2
1468;9;4;13;3
1468;9;4;14;126
1468;9;4;15;0
1468;9;4;15;2
1468;9;4;16;0
1468;9;4;16;2
1468;9;4;16;3
1468;9;4;16;6
1468;9;4;16;67
1468;9;4;17;0
1468;9;4;17;2
1468;9;4;17;3
1468;9;4;17;7
1468;9;4;18;122
1468;9;4;18;125
1468;9;4;18;126
1468;9;4;18;127
1468;9;4;19;118
1468;9;4;20;0
1468;9;4;20;6
1468;9;4;21;125
1468;9;4;21;126
1468;9;4;21;127
1468;9;4;22;0
1468;9;4;22;2
1468;9;4;23;125
1468;9;4;23;126
1468;9;4;23;127
1468;9;5;0;126
1468;9;5;1;126
1468;9;5;1;127
1468;9;5;2;0
1468;9;5;2;6
1468;9;5;4;125
1468;9;5;4;126
1468;9;5;4;127
1468;9;5;5;0
1468;9;5;5;2
1468;9;5;6;125
1468;9;5;6;126
1468;9;5;8;0
1468;9;5;8;2
1468;9;5;9;0
1468;9;5;9;2
1468;9;5;10;0
1468;9;5;10;2
1468;9;5;12;41
1468;9;5;13;0
1468;9;5;13;2
1468;9;5;15;0
1468;9;5;15;2
1468;9;5;17;2
1468;9;5;18;126
1468;9;5;19;126
1468;9;5;20;0
1468;9;5;20;2
1468;9;5;21;125
1468;9;5;21;126
1468;9;5;22;0
1468;9;5;22;2
1468;9;5;23;126
1468;9;6;0;126
1468;9;6;1;126
1468;9;6;2;2
1468;9;6;3;2
1468;9;6;4;0
1468;9;6;4;2
1468;9;6;4;3
1468;9;6;5;0
1468;9;6;5;2
1468;9;6;7;0
1468;9;6;7;2
1468;9;6;9;0
1468;9;6;9;2
1468;9;6;12;0
1468;9;6;12;2
1468;9;6;13;0
1468;9;6;13;2
1468;9;6;15;0
1468;9;6;15;2
1468;9;6;16;2
1468;9;6;17;2
1468;9;6;18;126
1468;9;6;19;126
1468;9;6;20;126
1468;9;6;21;126
1468;9;6;23;126
1468;9;7;0;126
1468;9;7;1;126
1468;9;7;2;0
1468;9;7;2;2
1468;9;7;4;0
1468;9;7;4;2
1468;9;7;5;0
1468;9;7;5;2
1468;9;7;6;44
1468;9;7;6;45
1468;9;7;7;20
1468;9;7;8;2
1468;9;7;8;121
1468;9;7;8;123
1468;9;7;9;0
1468;9;7;9;2
1468;9;7;13;0
1468;9;7;15;2
1468;9;7;16;56
1468;9;7;16;57
1468;9;7;17;2
1468;9;7;18;126
1468;9;7;19;127
1468;9;7;20;126
1468;9;7;23;126
1468;9;8;0;122
1468;9;8;0;125
1468;9;8;0;126
1468;9;8;0;127
1468;9;8;1;125
1468;9;8;1;126
1468;9;8;1;127
1468;9;8;2;0
1468;9;8;2;2
1468;9;8;2;3
1468;9;8;3;0
1468;9;8;3;2
1468;9;8;3;16
1468;9;8;3;20
1468;9;8;4;122
1468;9;8;4;125
1468;9;8;4;126
1468;9;8;4;127
1468;9;8;5;0
1468;9;8;5;2
1468;9;8;5;3
1468;9;8;6;122
1468;9;8;6;125
1468;9;8;6;126
1468;9;8;6;127
1468;9;8;7;0
1468;9;8;7;2
1468;9;8;7;3
1468;9;8;8;0
1468;9;8;8;2
1468;9;8;9;0
1468;9;8;9;2
1468;9;8;10;0
1468;9;8;10;2
1468;9;8;11;3
1468;9;8;11;31
1468;9;8;11;34
1468;9;8;11;45
1468;9;8;11;54
1468;9;8;12;125
1468;9;8;12;126
1468;9;8;13;0
1468;9;8;13;1
1468;9;8;13;2
1468;9;8;13;3
1468;9;8;14;125
1468;9;8;14;126
1468;9;8;15;0
1468;9;8;15;1
1468;9;8;15;2
1468;9;8;16;0
1468;9;8;16;2
1468;9;8;16;3
1468;9;8;17;0
1468;9;8;17;2
1468;9;8;17;3
1468;9;8;18;122
1468;9;8;18;125
1468;9;8;18;126
1468;9;8;18;127
1468;9;8;19;126
1468;9;8;20;0
1468;9;8;20;2
1468;9;8;20;3
1468;9;8;21;122
1468;9;8;21;125
1468;9;8;21;126
1468;9;8;21;127
1468;9;8;22;0
1468;9;8;22;2
1468;9;8;22;3
1468;9;8;22;6
1468;9;8;23;122
1468;9;8;23;125
1468;9;8;23;126
1468;9;8;23;127
1468;9;9;0;126
1468;9;9;0;127
1468;9;9;1;125
1468;9;9;1;126
1468;9;9;1;127
1468;9;9;2;2
1468;9;9;3;2
1468;9;9;4;125
1468;9;9;4;126
1468;9;9;4;127
1468;9;9;5;0
1468;9;9;5;3
1468;9;9;5;6
1468;9;9;6;122
1468;9;9;6;126
1468;9;9;6;127
1468;9;9;7;2
1468;9;9;8;0
1468;9;9;8;2
1468;9;9;9;0
1468;9;9;10;0
1468;9;9;10;2
1468;9;9;12;47
1468;9;9;12;50
1468;9;9;13;0
1468;9;9;13;1
1468;9;9;13;2
1468;9;9;13;3
1468;9;9;14;125
1468;9;9;15;0
1468;9;9;15;2
1468;9;9;16;2
1468;9;9;17;0
1468;9;9;17;2
1468;9;9;17;3
1468;9;9;18;126
1468;9;9;18;127
1468;9;9;19;126
1468;9;9;19;127
1468;9;9;20;0
1468;9;9;20;2
1468;9;9;20;3
1468;9;9;20;6
1468;9;9;21;125
1468;9;9;21;126
1468;9;9;22;0
1468;9;9;22;2
1468;9;9;23;125
1468;9;9;23;126
1468;9;10;4;2
1468;9;10;6;0
1468;9;10;6;1
1468;9;10;6;4
1468;9;10;6;5
1468;9;10;6;9
1468;9;10;9;2
1468;9;10;12;0
1468;9;10;12;2
1468;9;10;12;3
1468;9;10;13;0
1468;9;10;13;2
1468;9;10;18;126
1468;9;10;19;126
1468;9;11;2;2
1468;9;11;3;2
1468;9;11;4;0
1468;9;11;4;2
1468;9;11;4;39
1468;9;11;4;42
1468;9;11;5;2
1468;9;11;8;2
1468;9;11;9;0
1468;9;11;18;126
1468;9;11;18;127
1468;9;11;19;126
1468;9;11;20;126
1468;9;11;21;126
1468;9;11;22;126
1467;11;0;0;126
1467;11;0;0;127
1467;11;0;1;118
1467;11;0;1;122
1467;11;0;1;125
1467;11;0;1;127
1467;11;0;2;0
1467;11;0;2;2
1467;11;0;2;3
1467;11;0;3;0
1467;11;0;3;2
1467;11;0;4;125
1467;11;0;4;126
1467;11;0;4;127
1467;11;0;5;0
1467;11;0;5;2
1467;11;0;5;3
1467;11;0;6;122
1467;11;0;6;125
1467;11;0;6;126
1467;11;0;6;127
1467;11;0;8;0
1467;11;0;8;2
1467;11;0;9;0
1467;11;0;9;2
1467;11;0;10;0
1467;11;0;10;2
1467;11;0;12;125
1467;11;0;12;126
1467;11;0;13;0
1467;11;0;13;1
1467;11;0;13;2
1467;11;0;13;3
1467;11;0;14;124
1467;11;0;14;125
1467;11;0;15;0
1467;11;0;15;2
1467;11;0;16;0
1467;11;0;16;2
1467;11;0;16;3
1467;11;0;16;105
1467;11;0;16;108
1467;11;0;17;0
1467;11;0;17;2
1467;11;0;17;116
1467;11;0;17;117
1467;11;0;18;126
1467;11;0;19;126
1467;11;0;20;0
1467;11;0;20;2
1467;11;0;20;3
1467;11;0;21;125
1467;11;0;21;126
1467;11;0;22;0
1467;11;0;22;2
1467;11;1;0;126
1467;11;1;1;126
1467;11;1;2;0
1467;11;1;2;2
1467;11;1;3;0
1467;11;1;3;16
1467;11;1;3;20
1467;11;1;4;126
1467;11;1;4;127
1467;11;1;5;0
1467;11;1;5;2
1467;11;1;6;126
1467;11;1;9;0
1467;11;1;10;2
1467;11;1;11;3
1467;11;1;11;21
1467;11;1;11;31
1467;11;1;11;34
1467;11;1;11;54
1467;11;1;12;125
1467;11;1;12;126
1467;11;1;13;0
1467;11;1;13;1
1467;11;1;13;2
1467;11;1;15;0
1467;11;1;16;44
1467;11;1;16;45
1467;11;1;17;2
1467;11;1;18;126
1467;11;1;19;126
1467;11;1;20;0
1467;11;1;20;2
1467;11;1;20;3
1467;11;1;21;124
1467;11;1;21;125
1467;11;1;21;126
1467;11;2;2;2
1467;11;2;3;2
1467;11;2;4;0
1467;11;2;4;2
1467;11;2;5;2
1467;11;2;7;16
1467;11;2;12;2
1467;11;2;12;3
1467;11;2;13;0
1467;11;2;18;126
1467;11;2;19;126
1467;11;2;20;126
1467;11;2;23;64
1467;11;2;23;65
1467;11;3;2;2
1467;11;3;6;0
1467;11;3;11;59
1467;11;3;11;60
1467;11;3;13;0
1467;11;3;18;122
1467;11;3;18;125
1467;11;3;18;126
1467;11;3;19;126
1467;11;3;20;126
1467;11;3;21;94
1467;11;3;21;126
1467;11;3;23;64
1467;11;4;0;126
1467;11;4;1;110
1467;11;4;1;111
1467;11;4;1;118
1467;11;4;1;122
1467;11;4;1;126
1467;11;4;1;127
1467;11;4;2;2
1467;11;4;3;2
1467;11;4;3;3
1467;11;4;4;126
1467;11;4;5;0
1467;11;4;5;2
1467;11;4;5;3
1467;11;4;6;126
1467;11;4;7;0
1467;11;4;7;1
1467;11;4;7;2
1467;11;4;7;3
1467;11;4;8;4
1467;11;4;9;2
1467;11;4;10;0
1467;11;4;10;2
1467;11;4;11;0
1467;11;4;11;2
1467;11;4;12;76
1467;11;4;12;89
1467;11;4;12;126
1467;11;4;13;0
1467;11;4;13;1
1467;11;4;13;2
1467;11;4;13;3
1467;11;4;16;2
1467;11;4;17;0
1467;11;4;17;2
1467;11;4;18;126
1467;11;4;20;2
1467;11;4;20;3
1467;11;4;21;125
1467;11;4;21;126
1467;11;4;21;127
1467;11;4;22;0
1467;11;4;22;2
1467;11;4;23;125
1467;11;4;23;127
1467;11;5;0;126
1467;11;5;1;126
1467;11;5;2;2
1467;11;5;3;2
1467;11;5;4;126
1467;11;5;4;127
1467;11;5;5;0
1467;11;5;5;2
1467;11;5;5;3
1467;11;5;6;126
1467;11;5;6;127
1467;11;5;8;2
1467;11;5;9;0
1467;11;5;9;2
1467;11;5;10;0
1467;11;5;10;2
1467;11;5;11;2
1467;11;5;12;125
1467;11;5;12;126
1467;11;5;13;0
1467;11;5;13;2
1467;11;5;13;3
1467;11;5;15;0
1467;11;5;16;2
1467;11;5;16;3
1467;11;5;17;2
1467;11;5;18;126
1467;11;5;19;122
1467;11;5;19;126
1467;11;5;19;127
1467;11;5;20;0
1467;11;5;20;2
1467;11;5;20;3
1467;11;5;21;125
1467;11;5;21;126
1467;11;5;22;2
1467;11;6;2;2
1467;11;6;3;2
1467;11;6;3;3
1467;11;6;4;2
1467;11;6;12;2
1467;11;6;13;2
1467;11;6;15;0
1467;11;6;15;2
1467;11;6;18;122
1467;11;6;18;126
1467;11;6;19;126
1467;11;6;20;126
1467;11;7;0;126
1467;11;7;1;126
1467;11;7;2;2
1467;11;7;3;2
1467;11;7;4;0
1467;11;7;4;2
1467;11;7;5;0
1467;11;7;5;2
1467;11;7;5;3
1467;11;7;6;0
1467;11;7;6;1
1467;11;7;6;2
1467;11;7;8;0
1467;11;7;8;2
1467;11;7;9;2
1467;11;7;10;2
1467;11;7;12;0
1467;11;7;12;2
1467;11;7;13;0
1467;11;7;13;2
1467;11;7;17;2
1467;11;7;18;126
1467;11;7;19;126
1467;11;7;19;127
1467;11;7;20;126
1467;11;7;21;126
1467;11;7;23;126
1467;11;8;1;126
1467;11;8;1;127
1467;11;8;2;2
1467;11;8;4;125
1467;11;8;4;126
1467;11;8;4;127
1467;11;8;5;0
1467;11;8;5;2
1467;11;8;6;126
1467;11;8;7;2
1467;11;8;8;0
1467;11;8;9;2
1467;11;8;10;0
1467;11;8;10;2
1467;11;8;12;125
1467;11;8;12;126
1467;11;8;13;0
1467;11;8;13;1
1467;11;8;13;2
1467;11;8;13;3
1467;11;8;15;0
1467;11;8;17;2
1467;11;8;17;3
1467;11;8;18;126
1467;11;8;20;0
1467;11;8;20;2
1467;11;8;21;107
1467;11;8;21;125
1467;11;8;21;126
1467;11;8;21;127
1467;11;8;22;2
1467;11;8;23;118
1467;11;9;0;122
1467;11;9;0;126
1467;11;9;0;127
1467;11;9;1;125
1467;11;9;1;126
1467;11;9;1;127
1467;11;9;2;0
1467;11;9;2;2
1467;11;9;2;3
1467;11;9;3;2
1467;11;9;4;125
1467;11;9;4;126
1467;11;9;4;127
1467;11;9;5;0
1467;11;9;5;2
1467;11;9;5;3
1467;11;9;6;126
1467;11;9;7;0
1467;11;9;7;2
1467;11;9;8;0
1467;11;9;9;0
1467;11;9;9;2
1467;11;9;9;126
1467;11;9;10;0
1467;11;9;10;2
1467;11;9;11;34
1467;11;9;11;54
1467;11;9;12;125
1467;11;9;13;0
1467;11;9;13;1
1467;11;9;13;2
1467;11;9;15;0
1467;11;9;15;2
1467;11;9;17;0
1467;11;9;17;2
1467;11;9;18;125
1467;11;9;18;126
1467;11;9;18;127
1467;11;9;20;0
1467;11;9;20;2
1467;11;9;21;125
1467;11;9;21;126
1467;11;9;22;0
1467;11;9;22;1
1467;11;9;22;2
1467;11;9;22;4
1467;11;9;22;5
1467;11;9;22;8
1467;11;9;22;9
1467;11;9;22;12
1467;11;9;22;13
1467;11;9;22;16
1467;11;9;22;17
1467;11;9;22;20
1467;11;9;23;126
1467;11;10;2;2
1467;11;10;3;2
1467;11;10;4;2
1467;11;10;4;3
1467;11;10;5;2
1467;11;10;5;3
1467;11;10;5;6
1467;11;10;5;7
1467;11;10;5;10
1467;11;10;5;11
1467;11;10;5;14
1467;11;10;5;18
1467;11;10;5;22
1467;11;10;8;0
1467;11;10;10;0
1467;11;10;10;2
1467;11;10;11;2
1467;11;10;13;0
1467;11;10;13;2
1467;11;10;15;2
1467;11;10;18;126
1467;11;10;18;127
1467;11;10;19;118
1467;11;10;20;126
1467;11;10;21;126
1467;11;11;0;126
1467;11;11;1;126
1467;11;11;2;2
1467;11;11;3;2
1467;11;11;4;0
1467;11;11;4;2
1467;11;11;5;0
1467;11;11;5;2
1467;11;11;7;2
1467;11;11;9;0
1467;11;11;9;2
1467;11;11;10;2
1467;11;11;12;0
1467;11;11;12;2
1467;11;11;15;0
1467;11;11;16;2
1467;11;11;18;126
1467;11;11;19;118
1467;11;11;19;126
1467;11;11;20;126
1467;11;11;21;126
1468;11;0;0;126
1468;11;0;1;126
1468;11;0;2;2
1468;11;0;3;2
1468;11;0;4;126
1468;11;0;5;0
1468;11;0;5;2
1468;11;0;5;3
1468;11;0;6;126
1468;11;0;7;2
1468;11;0;8;0
1468;11;0;9;0
1468;11;0;9;2
1468;11;0;10;0
1468;11;0;10;2
1468;11;0;12;125
1468;11;0;12;126
1468;11;0;13;0
1468;11;0;13;1
1468;11;0;13;2
1468;11;0;13;3
1468;11;0;16;2
1468;11;0;17;3
1468;11;0;17;6
1468;11;0;18;78
1468;11;0;18;87
1468;11;0;18;95
1468;11;0;18;98
1468;11;0;18;107
1468;11;0;18;118
1468;11;0;18;125
1468;11;0;19;126
1468;11;0;20;2
1468;11;0;20;3
1468;11;0;21;125
1468;11;0;21;126
1468;11;0;22;0
1468;11;0;22;2
1468;11;0;23;126
1468;11;1;0;70
1468;11;1;0;126
1468;11;1;1;126
1468;11;1;2;0
1468;11;1;2;2
1468;11;1;3;2
1468;11;1;4;126
1468;11;1;5;0
1468;11;1;5;2
1468;11;1;5;3
1468;11;1;6;118
1468;11;1;6;123
1468;11;1;6;124
1468;11;1;6;125
1468;11;1;7;0
1468;11;1;7;10
1468;11;1;8;0
1468;11;1;13;0
1468;11;1;13;1
1468;11;1;13;2
1468;11;1;14;124
1468;11;1;14;125
1468;11;1;15;0
1468;11;1;15;2
1468;11;1;16;2
1468;11;1;23;44
1468;11;1;23;126
1468;11;2;1;126
1468;11;2;4;0
1468;11;2;4;2
1468;11;2;4;3
1468;11;2;5;0
1468;11;2;5;3
1468;11;2;5;6
1468;11;2;9;0
1468;11;2;18;126
1468;11;2;19;122
1468;11;2;19;126
1468;11;2;20;122
1468;11;2;20;126
1468;11;2;21;126
1468;11;3;0;126
1468;11;3;1;126
1468;11;3;2;2
1468;11;3;3;2
1468;11;3;3;6
1468;11;3;4;0
1468;11;3;4;2
1468;11;3;5;0
1468;11;3;5;2
1468;11;3;6;0
1468;11;3;6;2
1468;11;3;7;0
1468;11;3;7;2
1468;11;3;8;0
1468;11;3;8;2
1468;11;3;9;0
1468;11;3;9;2
1468;11;3;10;0
1468;11;3;10;2
1468;11;3;11;0
1468;11;3;12;0
1468;11;3;12;2
1468;11;3;13;0
1468;11;3;13;2
1468;11;3;15;0
1468;11;3;15;2
1468;11;3;17;2
1468;11;3;18;126
1468;11;3;18;127
1468;11;3;19;126
1468;11;3;20;125
1468;11;3;20;126
1468;11;3;21;125
1468;11;3;21;126
1468;11;3;21;127
1468;11;3;22;126
1468;11;3;23;126
1468;11;4;0;126
1468;11;4;0;127
1468;11;4;1;126
1468;11;4;1;127
1468;11;4;2;0
1468;11;4;2;2
1468;11;4;2;3
1468;11;4;3;2
1468;11;4;3;3
1468;11;4;3;7
1468;11;4;4;125
1468;11;4;4;126
1468;11;4;4;127
1468;11;4;5;0
1468;11;4;5;2
1468;11;4;5;3
1468;11;4;5;27
1468;11;4;5;31
1468;11;4;6;126
1468;11;4;6;127
1468;11;4;7;2
1468;11;4;8;0
1468;11;4;8;2
1468;11;4;9;0
1468;11;4;9;2
1468;11;4;10;0
1468;11;4;10;2
1468;11;4;11;0
1468;11;4;11;2
1468;11;4;12;125
1468;11;4;12;126
1468;11;4;13;0
1468;11;4;13;1
1468;11;4;13;2
1468;11;4;13;3
1468;11;4;15;0
1468;11;4;15;2
1468;11;4;16;2
1468;11;4;17;2
1468;11;4;18;126
1468;11;4;18;127
1468;11;4;19;114
1468;11;4;19;119
1468;11;4;20;0
1468;11;4;20;7
1468;11;4;20;10
1468;11;4;21;125
1468;11;4;21;126
1468;11;4;21;127
1468;11;4;22;0
1468;11;4;22;2
1468;11;4;23;110
1468;11;6;2;2
1468;11;6;3;2
1468;11;6;4;0
1468;11;6;4;2
1468;11;6;7;2
1468;11;6;8;0
1468;11;6;8;2
1468;11;6;9;2
1468;11;6;14;57
1468;11;6;15;0
1468;11;6;18;126
1468;11;6;19;126
1468;11;6;20;126
1468;11;7;1;126
1468;11;7;2;0
1468;11;7;2;2
1468;11;7;2;3
1468;11;7;3;0
1468;11;7;3;2
1468;11;7;4;0
1468;11;7;4;2
1468;11;7;4;3
1468;11;7;5;0
1468;11;7;5;2
1468;11;7;6;0
1468;11;7;6;2
1468;11;7;7;0
1468;11;7;7;2
1468;11;7;8;0
1468;11;7;8;2
1468;11;7;9;0
1468;11;7;9;3
1468;11;7;10;0
1468;11;7;10;2
1468;11;7;12;0
1468;11;7;12;2
1468;11;7;13;0
1468;11;7;13;2
1468;11;7;15;0
1468;11;7;15;1
1468;11;7;15;2
1468;11;7;16;2
1468;11;7;18;126
1468;11;7;18;127
1468;11;7;19;122
1468;11;7;19;126
1468;11;7;19;127
1468;11;7;20;125
1468;11;7;20;126
1468;11;7;20;127
1468;11;7;21;126
1468;11;7;23;126
1468;11;8;0;126
1468;11;8;0;127
1468;11;8;1;126
1468;11;8;1;127
1468;11;8;2;0
1468;11;8;2;2
1468;11;8;2;3
1468;11;8;3;0
1468;11;8;3;2
1468;11;8;4;125
1468;11;8;4;126
1468;11;8;4;127
1468;11;8;5;0
1468;11;8;5;2
1468;11;8;5;3
1468;11;8;6;122
1468;11;8;6;126
1468;11;8;6;127
1468;11;8;7;2
1468;11;8;8;0
1468;11;8;8;2
1468;11;8;9;0
1468;11;8;9;2
1468;11;8;10;0
1468;11;8;10;2
1468;11;8;11;0
1468;11;8;11;2
1468;11;8;11;3
1468;11;8;11;21
1468;11;8;11;25
1468;11;8;11;34
1468;11;8;11;41
1468;11;8;11;45
1468;11;8;11;50
1468;11;8;11;54
1468;11;8;11;76
1468;11;8;11;96
1468;11;8;12;62
1468;11;8;12;63
1468;11;8;12;76
1468;11;8;12;82
1468;11;8;12;89
1468;11;8;12;95
1468;11;8;12;98
1468;11;8;13;0
1468;11;8;13;1
1468;11;8;13;2
1468;11;8;13;3
1468;11;8;14;125
1468;11;8;15;0
1468;11;8;15;2
1468;11;8;16;0
1468;11;8;16;2
1468;11;8;17;0
1468;11;8;17;2
1468;11;8;18;122
1468;11;8;18;125
1468;11;8;18;126
1468;11;8;19;120
1468;11;8;19;126
1468;11;8;20;0
1468;11;8;20;2
1468;11;8;21;125
1468;11;8;21;126
1468;11;8;22;0
1468;11;8;22;1
1468;11;8;22;2
1468;11;8;23;126
1468;11;8;23;127
1468;11;9;0;126
1468;11;9;1;118
1468;11;9;1;125
1468;11;9;1;126
1468;11;9;2;0
1468;11;9;2;2
1468;11;9;3;0
1468;11;9;3;2
1468;11;9;3;20
1468;11;9;4;125
1468;11;9;4;126
1468;11;9;4;127
1468;11;9;5;0
1468;11;9;5;1
1468;11;9;5;2
1468;11;9;5;3
1468;11;9;6;122
1468;11;9;6;126
1468;11;9;7;3
1468;11;9;9;0
1468;11;9;9;2
1468;11;9;10;0
1468;11;9;10;2
1468;11;9;11;31
1468;11;9;11;34
1468;11;9;11;54
1468;11;9;13;0
1468;11;9;13;1
1468;11;9;13;2
1468;11;9;13;3
1468;11;9;15;0
1468;11;9;15;2
1468;11;9;16;0
1468;11;9;16;2
1468;11;9;17;2
1468;11;9;17;3
1468;11;9;18;122
1468;11;9;18;125
1468;11;9;18;126
1468;11;9;19;126
1468;11;9;20;0
1468;11;9;20;2
1468;11;9;21;125
1468;11;9;21;126
1468;11;9;22;0
1468;11;9;22;2
1468;11;9;23;126
1468;11;9;23;127
1468;11;10;0;126
1468;11;10;1;122
1468;11;10;1;126
1468;11;10;2;0
1468;11;10;2;11
1468;11;10;2;26
1468;11;10;2;27
1468;11;10;3;2
1468;11;10;4;0
1468;11;10;4;2
1468;11;10;5;0
1468;11;10;5;2
1468;11;10;5;117
1468;11;10;5;120
1468;11;10;6;0
1468;11;10;6;2
1468;11;10;6;87
1468;11;10;6;90
1468;11;10;7;0
1468;11;10;7;1
1468;11;10;7;6
1468;11;10;7;10
1468;11;10;8;0
1468;11;10;8;2
1468;11;10;9;0
1468;11;10;9;2
1468;11;10;9;61
1468;11;10;9;64
1468;11;10;9;86
1468;11;10;9;87
1468;11;10;10;0
1468;11;10;10;2
1468;11;10;11;48
1468;11;10;11;49
1468;11;10;12;0
1468;11;10;12;2
1468;11;10;13;0
1468;11;10;13;85
1468;11;10;13;88
1468;11;10;15;0
1468;11;10;15;2
1468;11;10;15;91
1468;11;10;15;94
1468;11;10;16;3
1468;11;10;16;6
1468;11;10;18;126
1468;11;10;19;38
1468;11;10;19;39
1468;11;10;19;42
1468;11;10;19;43
1468;11;10;19;126
1468;11;10;20;122
1468;11;10;20;127
1468;11;10;21;125
1468;11;10;21;126
1468;11;11;0;1
1468;11;11;0;4
1468;11;11;0;126
1468;11;11;1;126
1468;11;11;2;2
1468;11;11;3;2
1468;11;11;4;0
1468;11;11;4;2
1468;11;11;5;0
1468;11;11;5;2
1468;11;11;5;3
1468;11;11;6;0
1468;11;11;6;2
1468;11;11;10;0
1468;11;11;10;2
1468;11;11;13;8
1468;11;11;13;10
1468;11;11;13;13
1468;11;11;13;23
1468;11;11;13;54
1468;11;11;13;68
1468;11;11;13;69
1468;11;11;13;75
1468;11;11;13;96
1468;11;11;13;97
1468;11;11;13;118
1468;11;11;13;124
1468;11;11;16;10
1468;11;11;17;2
1468;11;11;17;70
1468;11;11;17;71
1468;11;11;18;118
1468;11;11;18;122
1468;11;11;18;126
1468;11;11;19;126
