-1,1,1,1,8,127
-1,1,1,1,8,0
-1,1,1,1,8,1
-1,1,1,1,7,127
-1,1,1,1,7,0
-1,1,1,1,7,1
-1,1,1,1,6,127
-1,1,1,1,6,0
-1,1,1,1,6,1
-1,1,1,1,5,127
-1,1,1,1,5,0
-1,1,1,1,5,1
-1,1,1,1,4,127
-1,1,1,1,4,0
-1,1,1,1,4,1
-1,1,1,1,3,127
-1,1,1,1,3,0
-1,1,1,1,3,1
-1,1,1,1,2,2
-1,1,1,1,2,127
-1,1,1,1,2,0
-1,1,1,1,2,1
-1,1,1,1,1,127
-1,1,1,1,1,0
-1,1,1,1,8,255
-1,1,1,1,8,128
-1,1,1,1,8,129
-1,1,1,1,8,191
-1,1,1,1,7,255
-1,1,1,1,7,254
-1,1,1,1,7,128
-1,1,1,1,7,129
-1,1,1,1,7,191
-1,1,1,1,6,255
-1,1,1,1,6,128
-1,1,1,1,6,129
-1,1,1,1,4,255
-1,1,1,1,4,128
-1,1,1,1,4,129
-1,1,1,1,3,255
-1,1,1,1,3,254
-1,1,1,1,3,128
-1,1,1,1,3,129
-1,1,1,1,3,253
-1,1,1,1,3,191
-1,1,1,1,2,192
-1,1,1,1,2,254
-1,1,1,1,2,255
-1,1,1,1,2,128
-1,1,1,1,2,129
-1,1,1,1,1,255
-1,1,1,1,1,254
-1,1,1,1,1,128
-1,1,1,1,1,129
-1,1,1,1,8,256
-1,1,1,1,8,383
-1,1,1,1,8,382
-1,1,1,1,7,256
-1,1,1,1,7,383
-1,1,1,1,7,382
-1,1,1,1,7,380
-1,1,1,1,6,381
-1,1,1,1,6,256
-1,1,1,1,6,383
-1,1,1,1,6,382
-1,1,1,1,5,383
-1,1,1,1,5,382
-1,1,1,1,4,256
-1,1,1,1,4,383
-1,1,1,1,4,382
-1,1,1,1,3,256
-1,1,1,1,3,383
-1,1,1,1,3,382
-1,1,1,1,2,256
-1,1,1,1,2,383
-1,1,1,1,2,382
-1,1,1,1,1,383
-1,1,1,2,8,0
-1,1,1,2,8,1
-1,1,1,2,7,127
-1,1,1,2,7,0
-1,1,1,2,7,1
-1,1,1,2,6,127
-1,1,1,2,6,0
-1,1,1,2,6,1
-1,1,1,2,5,127
-1,1,1,2,5,0
-1,1,1,2,5,119
-1,1,1,2,5,117
-1,1,1,2,4,127
-1,1,1,2,4,0
-1,1,1,2,4,1
-1,1,1,2,3,127
-1,1,1,2,3,0
-1,1,1,2,2,3
-1,1,1,2,2,127
-1,1,1,2,2,0
-1,1,1,2,2,1
-1,1,1,2,1,127
-1,1,1,2,1,2
-1,1,1,2,1,101
-1,1,1,2,1,100
-1,1,1,2,8,255
-1,1,1,2,8,128
-1,1,1,2,8,247
-1,1,1,2,8,226
-1,1,1,2,8,225
-1,1,1,2,8,191
-1,1,1,2,7,255
-1,1,1,2,7,128
-1,1,1,2,6,255
-1,1,1,2,6,128
-1,1,1,2,5,129
-1,1,1,2,5,144
-1,1,1,2,4,255
-1,1,1,2,4,128
-1,1,1,2,3,255
-1,1,1,2,3,254
-1,1,1,2,3,128
-1,1,1,2,3,129
-1,1,1,2,2,255
-1,1,1,2,2,128
-1,1,1,2,1,255
-1,1,1,2,1,128
-1,1,1,2,8,256
-1,1,1,2,8,383
-1,1,1,2,8,382
-1,1,1,2,7,256
-1,1,1,2,7,378
-1,1,1,2,6,256
-1,1,1,2,6,383
-1,1,1,2,6,382
-1,1,1,2,5,383
-1,1,1,2,4,256
-1,1,1,2,4,383
-1,1,1,2,4,382
-1,1,1,2,3,256
-1,1,1,2,3,383
-1,1,1,2,3,382
-1,1,1,2,2,256
-1,1,1,2,1,256
-1,1,1,2,1,383
-1,1,1,2,1,382
-1,1,2,1,8,0
-1,1,2,1,7,0
-1,1,2,1,7,1
-1,1,2,1,6,0
-1,1,2,1,6,1
-1,1,2,1,5,0
-1,1,2,1,5,1
-1,1,2,1,4,127
-1,1,2,1,4,0
-1,1,2,1,4,1
-1,1,2,1,3,126
-1,1,2,1,3,0
-1,1,2,1,3,1
-1,1,2,1,3,125
-1,1,2,1,3,2
-1,1,2,1,2,127
-1,1,2,1,2,0
-1,1,2,1,1,127
-1,1,2,1,1,0
-1,1,2,1,8,255
-1,1,2,1,7,255
-1,1,2,1,7,128
-1,1,2,1,6,255
-1,1,2,1,6,128
-1,1,2,1,4,255
-1,1,2,1,4,128
-1,1,2,1,4,129
-1,1,2,1,3,254
-1,1,2,1,3,128
-1,1,2,1,2,255
-1,1,2,1,1,255
-1,1,2,1,1,128
-1,1,2,1,7,383
-1,1,2,1,6,256
-1,1,2,1,6,383
-1,1,2,1,5,383
-1,1,2,1,4,256
-1,1,2,1,4,383
-1,1,2,1,4,382
-1,1,2,1,3,256
-1,1,2,1,3,383
-1,1,2,1,2,383
-1,1,2,1,1,287
-1,1,2,1,1,383
-1,1,2,2,6,0
-1,1,2,2,6,1
-1,1,2,2,6,2
-1,1,2,2,5,0
-1,1,2,2,4,0
-1,1,2,2,3,0
-1,1,2,2,3,1
-1,1,2,2,2,127
-1,1,2,2,1,127
-1,1,2,2,1,126
-1,1,2,2,7,255
-1,1,2,2,7,128
-1,1,2,2,6,255
-1,1,2,2,3,255
-1,1,2,2,3,128
-1,1,2,2,7,377
-1,1,2,2,7,374
-1,1,2,2,6,383
-1,1,2,2,5,383
-1,1,2,2,4,383
-1,1,2,2,3,383
-1,1,3,1,8,0
-1,1,3,1,7,0
-1,1,3,1,6,0
-1,1,3,1,4,110
-1,1,3,1,4,111
-1,1,3,1,4,0
-1,1,3,1,3,127
-1,1,3,1,3,0
-1,1,3,1,3,1
-1,1,3,1,3,120
-1,1,3,1,3,6
-1,1,3,1,2,0
-1,1,3,1,2,1
-1,1,3,1,7,255
-1,1,3,1,6,255
-1,1,3,1,6,128
-1,1,3,1,4,220
-1,1,3,1,3,255
-1,1,3,1,3,254
-1,1,3,1,3,128
-1,1,3,1,2,255
-1,1,3,1,2,128
-1,1,3,1,7,383
-1,1,3,1,6,383
-1,1,3,1,5,383
-1,1,3,1,4,256
-1,1,3,1,4,383
-1,1,3,1,3,304
-1,1,3,1,3,372
-1,1,3,1,3,378
-1,1,3,1,3,383
-1,1,3,1,2,256
-1,1,3,1,2,383
-1,1,3,2,7,0
-1,1,3,2,7,1
-1,1,3,2,6,0
-1,1,3,2,5,0
-1,1,3,2,5,1
-1,1,3,2,4,2
-1,1,3,2,4,0
-1,1,3,2,4,1
-1,1,3,2,3,127
-1,1,3,2,3,0
-1,1,3,2,2,0
-1,1,3,2,2,1
-1,1,3,2,1,0
-1,1,3,2,7,255
-1,1,3,2,7,128
-1,1,3,2,6,255
-1,1,3,2,6,128
-1,1,3,2,4,128
-1,1,3,2,3,255
-1,1,3,2,3,254
-1,1,3,2,3,128
-1,1,3,2,1,255
-1,1,3,2,1,128
-1,1,3,2,7,383
-1,1,3,2,7,382
-1,1,3,2,6,379
-1,1,3,2,6,383
-1,1,3,2,6,382
-1,1,3,2,5,383
-1,1,3,2,4,256
-1,1,3,2,4,383
-1,1,3,2,3,256
-1,1,3,2,3,383
-1,1,3,2,2,256
-1,1,3,2,2,383
-1,1,3,2,1,383
-1,1,4,1,6,0
-1,1,4,1,5,0
-1,1,4,1,4,127
-1,1,4,1,4,0
-1,1,4,1,4,1
-1,1,4,1,7,255
-1,1,4,1,7,128
-1,1,4,1,4,128
-1,1,4,1,3,255
-1,1,4,1,3,128
-1,1,4,1,2,226
-1,1,4,1,2,225
-1,1,4,1,2,219
-1,1,4,1,8,280
-1,1,4,1,6,383
-1,1,4,1,5,383
-1,1,4,1,4,382
-1,1,4,2,7,0
-1,1,4,2,6,0
-1,1,4,2,5,127
-1,1,4,2,5,0
-1,1,4,2,4,127
-1,1,4,2,4,0
-1,1,4,2,3,127
-1,1,4,2,3,0
-1,1,4,2,8,128
-1,1,4,2,7,128
-1,1,4,2,4,128
-1,1,4,2,3,255
-1,1,4,2,1,128
-1,1,4,2,6,383
-1,1,4,2,6,382
-1,1,4,2,5,383
-1,1,4,2,4,383
-1,1,4,2,3,383
-1,1,4,2,1,324
-1,1,4,2,1,325
-1,1,4,2,1,383
-1,1,5,1,8,0
-1,1,5,1,7,0
-1,1,5,1,7,1
-1,1,5,1,6,0
-1,1,5,1,4,0
-1,1,5,1,3,127
-1,1,5,1,3,0
-1,1,5,1,2,0
-1,1,5,1,1,0
-1,1,5,1,8,255
-1,1,5,1,7,255
-1,1,5,1,7,128
-1,1,5,1,6,128
-1,1,5,1,4,143
-1,1,5,1,3,255
-1,1,5,1,3,254
-1,1,5,1,3,128
-1,1,5,1,1,255
-1,1,5,1,1,128
-1,1,5,1,7,383
-1,1,5,1,6,383
-1,1,5,1,4,383
-1,1,5,1,3,256
-1,1,5,1,3,382
-1,1,5,1,2,256
-1,1,5,1,2,257
-1,1,5,1,2,383
-1,1,5,1,2,258
-1,1,5,1,2,259
-1,1,5,1,2,260
-1,1,5,1,2,261
-1,1,5,1,2,262
-1,1,5,1,2,263
-1,1,5,1,1,383
-1,1,5,2,8,0
-1,1,5,2,8,1
-1,1,5,2,7,127
-1,1,5,2,7,0
-1,1,5,2,7,1
-1,1,5,2,6,127
-1,1,5,2,6,0
-1,1,5,2,6,1
-1,1,5,2,5,0
-1,1,5,2,5,1
-1,1,5,2,4,127
-1,1,5,2,4,0
-1,1,5,2,4,1
-1,1,5,2,3,127
-1,1,5,2,3,0
-1,1,5,2,3,1
-1,1,5,2,2,127
-1,1,5,2,2,0
-1,1,5,2,2,1
-1,1,5,2,1,127
-1,1,5,2,1,0
-1,1,5,2,8,255
-1,1,5,2,8,128
-1,1,5,2,7,255
-1,1,5,2,7,128
-1,1,5,2,6,255
-1,1,5,2,6,128
-1,1,5,2,5,255
-1,1,5,2,5,154
-1,1,5,2,3,255
-1,1,5,2,3,128
-1,1,5,2,2,255
-1,1,5,2,2,128
-1,1,5,2,1,255
-1,1,5,2,1,128
-1,1,5,2,8,383
-1,1,5,2,7,256
-1,1,5,2,7,383
-1,1,5,2,7,382
-1,1,5,2,6,256
-1,1,5,2,6,383
-1,1,5,2,6,382
-1,1,5,2,5,383
-1,1,5,2,4,256
-1,1,5,2,4,383
-1,1,5,2,4,382
-1,1,5,2,3,256
-1,1,5,2,3,383
-1,1,5,2,2,256
-1,1,5,2,2,383
-1,1,5,2,2,382
-1,1,5,2,1,283
-1,1,5,2,1,280
-1,1,5,2,1,256
-1,1,5,2,1,383
-1,1,5,2,1,382
-1,1,6,1,6,0
-1,1,6,1,4,127
-1,1,6,1,4,0
-1,1,6,1,3,0
-1,1,6,1,1,109
-1,1,6,1,8,255
-1,1,6,1,8,128
-1,1,6,1,6,128
-1,1,6,1,5,128
-1,1,6,1,4,128
-1,1,6,1,3,255
-1,1,6,1,5,383
-1,1,6,1,4,383
-1,1,6,1,2,285
-1,1,6,2,6,0
-1,1,6,2,5,0
-1,1,6,2,4,127
-1,1,6,2,3,0
-1,1,6,2,6,128
-1,1,6,2,3,255
-1,1,6,2,6,373
-1,1,6,2,6,377
-1,1,6,2,6,379
-1,1,6,2,6,378
-1,1,6,2,6,381
-1,1,6,2,6,383
-1,1,6,2,6,382
-1,1,6,2,5,383
-1,1,6,2,5,382
-1,1,6,2,4,272
-1,1,6,2,4,271
-1,1,6,2,4,256
-1,1,6,2,4,383
1,1,1,1,8,0
1,1,1,1,7,0
1,1,1,1,6,127
1,1,1,1,6,0
1,1,1,1,5,0
1,1,1,1,4,127
1,1,1,1,4,0
1,1,1,1,4,1
1,1,1,1,3,127
1,1,1,1,3,0
1,1,1,1,2,0
1,1,1,1,8,255
1,1,1,1,8,128
1,1,1,1,7,255
1,1,1,1,7,128
1,1,1,1,6,255
1,1,1,1,6,128
1,1,1,1,4,168
1,1,1,1,4,167
1,1,1,1,4,161
1,1,1,1,4,160
1,1,1,1,3,255
1,1,1,1,3,128
1,1,1,1,3,129
1,1,1,1,1,255
1,1,1,1,1,254
1,1,1,1,1,128
1,1,1,1,7,383
1,1,1,1,6,383
1,1,1,1,5,383
1,1,1,1,4,256
1,1,1,1,4,383
1,1,1,1,3,256
1,1,1,1,3,383
1,1,1,1,3,382
1,1,1,1,2,256
1,1,1,1,2,383
1,1,1,1,1,383
1,1,1,2,8,127
1,1,1,2,8,0
1,1,1,2,8,1
1,1,1,2,7,127
1,1,1,2,7,0
1,1,1,2,7,1
1,1,1,2,6,127
1,1,1,2,6,0
1,1,1,2,6,1
1,1,1,2,6,2
1,1,1,2,5,127
1,1,1,2,5,0
1,1,1,2,4,2
1,1,1,2,4,127
1,1,1,2,4,0
1,1,1,2,4,1
1,1,1,2,3,127
1,1,1,2,3,0
1,1,1,2,3,1
1,1,1,2,2,2
1,1,1,2,2,127
1,1,1,2,2,0
1,1,1,2,2,1
1,1,1,2,1,127
1,1,1,2,1,0
1,1,1,2,1,1
1,1,1,2,8,255
1,1,1,2,8,128
1,1,1,2,8,129
1,1,1,2,8,253
1,1,1,2,7,255
1,1,1,2,7,128
1,1,1,2,6,255
1,1,1,2,6,128
1,1,1,2,5,255
1,1,1,2,5,128
1,1,1,2,5,129
1,1,1,2,5,142
1,1,1,2,5,144
1,1,1,2,4,255
1,1,1,2,4,128
1,1,1,2,3,255
1,1,1,2,3,254
1,1,1,2,3,128
1,1,1,2,3,129
1,1,1,2,2,255
1,1,1,2,2,128
1,1,1,2,1,255
1,1,1,2,1,254
1,1,1,2,1,128
1,1,1,2,8,256
1,1,1,2,8,383
1,1,1,2,8,382
1,1,1,2,7,256
1,1,1,2,7,383
1,1,1,2,7,382
1,1,1,2,6,381
1,1,1,2,6,256
1,1,1,2,6,383
1,1,1,2,6,382
1,1,1,2,5,383
1,1,1,2,5,382
1,1,1,2,4,256
1,1,1,2,4,257
1,1,1,2,4,380
1,1,1,2,3,256
1,1,1,2,3,383
1,1,1,2,3,382
1,1,1,2,2,256
1,1,1,2,2,383
1,1,1,2,2,382
1,1,1,2,1,372
1,1,1,2,1,376
1,1,1,2,1,256
1,1,1,2,1,383
1,1,2,1,6,0
1,1,2,1,5,0
1,1,2,1,4,127
1,1,2,1,4,0
1,1,2,1,3,0
1,1,2,1,8,255
1,1,2,1,7,128
1,1,2,1,4,128
1,1,2,1,3,255
1,1,2,1,3,254
1,1,2,1,1,128
1,1,2,1,1,130
1,1,2,1,6,383
1,1,2,1,5,381
1,1,2,1,5,382
1,1,2,1,4,383
1,1,2,1,3,383
1,1,2,1,1,383
1,1,2,2,7,0
1,1,2,2,6,127
1,1,2,2,6,0
1,1,2,2,6,124
1,1,2,2,5,0
1,1,2,2,4,127
1,1,2,2,4,0
1,1,2,2,3,127
1,1,2,2,3,0
1,1,2,2,8,255
1,1,2,2,7,255
1,1,2,2,6,255
1,1,2,2,4,255
1,1,2,2,4,128
1,1,2,2,3,128
1,1,2,2,6,383
1,1,2,2,5,383
1,1,2,2,4,383
1,1,2,2,3,381
1,1,2,2,3,383
1,1,3,1,8,0
1,1,3,1,8,1
1,1,3,1,7,127
1,1,3,1,7,0
1,1,3,1,7,1
1,1,3,1,6,127
1,1,3,1,6,0
1,1,3,1,6,1
1,1,3,1,5,0
1,1,3,1,5,1
1,1,3,1,4,127
1,1,3,1,4,0
1,1,3,1,4,1
1,1,3,1,3,127
1,1,3,1,3,0
1,1,3,1,3,1
1,1,3,1,2,0
1,1,3,1,1,0
1,1,3,1,8,255
1,1,3,1,8,128
1,1,3,1,7,255
1,1,3,1,7,128
1,1,3,1,6,255
1,1,3,1,6,128
1,1,3,1,6,129
1,1,3,1,4,255
1,1,3,1,4,128
1,1,3,1,3,255
1,1,3,1,3,254
1,1,3,1,3,128
1,1,3,1,1,255
1,1,3,1,1,254
1,1,3,1,1,128
1,1,3,1,8,383
1,1,3,1,7,256
1,1,3,1,7,383
1,1,3,1,7,382
1,1,3,1,7,381
1,1,3,1,6,383
1,1,3,1,5,383
1,1,3,1,4,256
1,1,3,1,4,383
1,1,3,1,4,382
1,1,3,1,3,256
1,1,3,1,3,383
1,1,3,1,3,382
1,1,3,1,2,256
1,1,3,1,2,257
1,1,3,1,2,383
1,1,3,1,2,259
1,1,3,1,1,383
1,1,3,2,8,0
1,1,3,2,8,1
1,1,3,2,7,2
1,1,3,2,7,0
1,1,3,2,6,127
1,1,3,2,6,0
1,1,3,2,5,0
1,1,3,2,5,1
1,1,3,2,5,2
1,1,3,2,5,3
1,1,3,2,5,4
1,1,3,2,5,6
1,1,3,2,4,2
1,1,3,2,4,0
1,1,3,2,4,1
1,1,3,2,3,127
1,1,3,2,3,0
1,1,3,2,3,1
1,1,3,2,2,15
1,1,3,2,2,2
1,1,3,2,2,127
1,1,3,2,2,0
1,1,3,2,2,1
1,1,3,2,1,0
1,1,3,2,8,255
1,1,3,2,8,128
1,1,3,2,7,255
1,1,3,2,7,128
1,1,3,2,6,255
1,1,3,2,6,128
1,1,3,2,5,255
1,1,3,2,5,128
1,1,3,2,4,255
1,1,3,2,4,128
1,1,3,2,3,255
1,1,3,2,3,128
1,1,3,2,3,129
1,1,3,2,2,254
1,1,3,2,2,255
1,1,3,2,2,128
1,1,3,2,1,255
1,1,3,2,8,383
1,1,3,2,7,383
1,1,3,2,6,383
1,1,3,2,6,382
1,1,3,2,5,379
1,1,3,2,5,381
1,1,3,2,5,383
1,1,3,2,5,382
1,1,3,2,4,383
1,1,3,2,4,382
1,1,3,2,3,256
1,1,3,2,3,383
1,1,3,2,3,382
1,1,3,2,2,383
1,1,3,2,1,349
1,1,3,2,1,383
1,1,4,1,6,0
1,1,4,1,5,0
1,1,4,1,5,1
1,1,4,1,5,2
1,1,4,1,4,0
1,1,4,1,7,255
1,1,4,1,7,128
1,1,4,1,6,255
1,1,4,1,6,128
1,1,4,1,4,128
1,1,4,1,3,255
1,1,4,1,3,128
1,1,4,1,2,226
1,1,4,1,2,219
1,1,4,1,6,383
1,1,4,1,5,381
1,1,4,1,5,383
1,1,4,1,4,383
1,1,4,1,3,383
1,1,4,2,6,0
1,1,4,2,5,0
1,1,4,2,4,127
1,1,4,2,4,0
1,1,4,2,3,127
1,1,4,2,3,0
1,1,4,2,3,1
1,1,4,2,1,119
1,1,4,2,6,128
1,1,4,2,4,255
1,1,4,2,4,128
1,1,4,2,3,255
1,1,4,2,6,383
1,1,4,2,5,383
1,1,4,2,4,383
1,1,5,1,8,2
1,1,5,1,8,127
1,1,5,1,8,0
1,1,5,1,8,1
1,1,5,1,7,127
1,1,5,1,7,0
1,1,5,1,7,1
1,1,5,1,6,127
1,1,5,1,6,0
1,1,5,1,6,1
1,1,5,1,5,127
1,1,5,1,5,0
1,1,5,1,4,2
1,1,5,1,4,127
1,1,5,1,4,0
1,1,5,1,4,1
1,1,5,1,3,127
1,1,5,1,3,0
1,1,5,1,3,1
1,1,5,1,2,0
1,1,5,1,1,127
1,1,5,1,1,0
1,1,5,1,1,1
1,1,5,1,8,255
1,1,5,1,8,254
1,1,5,1,8,128
1,1,5,1,8,191
1,1,5,1,7,255
1,1,5,1,7,128
1,1,5,1,6,255
1,1,5,1,6,128
1,1,5,1,4,255
1,1,5,1,4,128
1,1,5,1,3,255
1,1,5,1,3,128
1,1,5,1,2,128
1,1,5,1,1,255
1,1,5,1,1,254
1,1,5,1,1,128
1,1,5,1,8,256
1,1,5,1,8,383
1,1,5,1,7,256
1,1,5,1,7,383
1,1,5,1,7,382
1,1,5,1,6,256
1,1,5,1,6,383
1,1,5,1,6,382
1,1,5,1,5,383
1,1,5,1,4,256
1,1,5,1,4,383
1,1,5,1,4,382
1,1,5,1,3,264
1,1,5,1,3,263
1,1,5,1,3,256
1,1,5,1,3,383
1,1,5,1,3,382
1,1,5,1,2,256
1,1,5,1,2,383
1,1,5,1,2,382
1,1,5,1,1,383
1,1,5,2,8,0
1,1,5,2,8,1
1,1,5,2,7,0
1,1,5,2,6,0
1,1,5,2,5,127
1,1,5,2,4,127
1,1,5,2,4,0
1,1,5,2,3,127
1,1,5,2,3,0
1,1,5,2,3,1
1,1,5,2,2,127
1,1,5,2,2,0
1,1,5,2,1,0
1,1,5,2,8,255
1,1,5,2,6,255
1,1,5,2,6,128
1,1,5,2,5,144
1,1,5,2,5,154
1,1,5,2,5,217
1,1,5,2,4,160
1,1,5,2,4,151
1,1,5,2,4,150
1,1,5,2,4,237
1,1,5,2,4,144
1,1,5,2,3,255
1,1,5,2,3,254
1,1,5,2,3,128
1,1,5,2,3,129
1,1,5,2,8,383
1,1,5,2,7,383
1,1,5,2,7,382
1,1,5,2,6,380
1,1,5,2,5,383
1,1,5,2,4,256
1,1,5,2,4,383
1,1,5,2,3,256
1,1,5,2,3,383
1,1,5,2,2,256
1,1,5,2,2,257
1,1,5,2,2,258
1,1,5,2,2,259
1,1,5,2,2,261
1,1,5,2,2,262
1,1,5,2,2,263
1,1,5,2,2,266
1,1,5,2,1,383
1,1,6,1,6,0
1,1,6,1,5,0
1,1,6,1,4,127
1,1,6,1,4,0
1,1,6,1,3,127
1,1,6,1,3,0
1,1,6,1,3,1
1,1,6,1,3,4
1,1,6,1,2,0
1,1,6,1,1,119
1,1,6,1,6,128
1,1,6,1,3,255
1,1,6,1,2,225
1,1,6,1,6,383
1,1,6,1,5,383
1,1,6,1,4,383
1,1,6,2,6,0
1,1,6,2,5,0
1,1,6,2,4,127
1,1,6,2,4,0
1,1,6,2,3,127
1,1,6,2,3,0
1,1,6,2,2,0
1,1,6,2,8,255
1,1,6,2,6,128
1,1,6,2,4,255
1,1,6,2,4,128
1,1,6,2,3,255
1,1,6,2,3,128
1,1,6,2,8,383
1,1,6,2,6,383
1,1,6,2,6,382
1,1,6,2,5,383
1,1,6,2,4,379
1,1,6,2,4,382
1,1,6,2,3,383
1,1,6,2,2,383
1,2,16,2,16,0
1,2,16,2,15,0
1,2,16,2,13,0
1,2,16,2,14,0
1,2,16,2,13,1
1,2,16,2,13,62
1,2,16,2,13,63
1,2,16,2,11,174
1,2,16,2,11,173
1,2,16,2,11,170
1,2,16,2,11,94
1,2,16,2,10,78
1,2,16,2,7,383
1,2,16,2,7,382
1,2,16,2,7,381
1,2,16,2,6,379
1,2,16,2,6,380
1,2,16,2,5,383
1,2,16,2,6,383
1,2,16,2,8,97
1,2,16,2,8,96
1,2,16,2,8,4
1,2,16,2,8,0
1,2,16,2,7,0
1,2,16,2,5,0
1,2,16,2,6,0
1,2,16,2,4,383
1,2,16,2,1,114
1,2,16,2,1,115
-1,1,7,1,8,2
-1,1,7,1,8,0
-1,1,7,1,8,1
-1,1,7,1,7,0
-1,1,7,1,6,0
-1,1,7,1,4,127
-1,1,7,1,4,0
-1,1,7,1,4,1
-1,1,7,1,3,127
-1,1,7,1,3,0
-1,1,7,1,3,1
-1,1,7,1,2,127
-1,1,7,1,1,0
-1,1,7,1,8,255
-1,1,7,1,8,128
-1,1,7,1,7,255
-1,1,7,1,7,128
-1,1,7,1,6,255
-1,1,7,1,3,255
-1,1,7,1,3,254
-1,1,7,1,3,128
-1,1,7,1,3,250
-1,1,7,1,3,245
-1,1,7,1,2,128
-1,1,7,1,1,255
-1,1,7,1,1,128
-1,1,7,1,8,383
-1,1,7,1,7,383
-1,1,7,1,6,383
-1,1,7,1,5,381
-1,1,7,1,5,383
-1,1,7,1,5,382
-1,1,7,1,4,383
-1,1,7,1,3,256
-1,1,7,1,3,383
-1,1,7,1,2,383
-1,1,7,1,1,383
-1,1,7,2,8,2
-1,1,7,2,8,127
-1,1,7,2,8,0
-1,1,7,2,8,1
-1,1,7,2,7,2
-1,1,7,2,7,127
-1,1,7,2,7,0
-1,1,7,2,7,1
-1,1,7,2,6,127
-1,1,7,2,6,126
-1,1,7,2,6,0
-1,1,7,2,6,1
-1,1,7,2,6,63
-1,1,7,2,5,0
-1,1,7,2,4,2
-1,1,7,2,4,127
-1,1,7,2,4,0
-1,1,7,2,4,1
-1,1,7,2,3,127
-1,1,7,2,3,0
-1,1,7,2,3,1
-1,1,7,2,2,2
-1,1,7,2,2,3
-1,1,7,2,2,127
-1,1,7,2,2,0
-1,1,7,2,2,1
-1,1,7,2,1,127
-1,1,7,2,1,0
-1,1,7,2,1,1
-1,1,7,2,1,30
-1,1,7,2,8,255
-1,1,7,2,8,128
-1,1,7,2,8,244
-1,1,7,2,7,255
-1,1,7,2,7,128
-1,1,7,2,7,129
-1,1,7,2,6,255
-1,1,7,2,6,254
-1,1,7,2,6,128
-1,1,7,2,6,129
-1,1,7,2,6,191
-1,1,7,2,5,255
-1,1,7,2,5,128
-1,1,7,2,3,255
-1,1,7,2,3,254
-1,1,7,2,3,128
-1,1,7,2,3,129
-1,1,7,2,3,191
-1,1,7,2,2,192
-1,1,7,2,2,255
-1,1,7,2,2,128
-1,1,7,2,1,255
-1,1,7,2,1,128
-1,1,7,2,8,256
-1,1,7,2,8,383
-1,1,7,2,8,382
-1,1,7,2,7,256
-1,1,7,2,7,383
-1,1,7,2,7,382
-1,1,7,2,6,381
-1,1,7,2,6,256
-1,1,7,2,6,383
-1,1,7,2,6,382
-1,1,7,2,5,256
-1,1,7,2,5,383
-1,1,7,2,5,382
-1,1,7,2,4,256
-1,1,7,2,4,257
-1,1,7,2,4,383
-1,1,7,2,4,382
-1,1,7,2,3,256
-1,1,7,2,3,383
-1,1,7,2,3,382
-1,1,7,2,2,256
-1,1,7,2,2,383
-1,1,7,2,2,382
-1,1,7,2,2,381
-1,1,7,2,1,256
-1,1,7,2,1,383
-1,1,7,2,1,382
-1,1,8,1,6,0
-1,1,8,1,4,127
-1,1,8,1,4,0
-1,1,8,1,3,127
-1,1,8,1,3,0
-1,1,8,1,2,127
-1,1,8,1,6,255
-1,1,8,1,6,128
-1,1,8,1,4,255
-1,1,8,1,3,255
-1,1,8,1,1,255
-1,1,8,1,6,382
-1,1,8,1,5,383
-1,1,8,1,4,381
-1,1,8,1,4,256
-1,1,8,1,4,382
-1,1,8,1,2,383
-1,1,8,1,1,379
-1,1,8,2,7,0
-1,1,8,2,6,0
-1,1,8,2,5,0
-1,1,8,2,4,127
-1,1,8,2,4,0
-1,1,8,2,3,127
-1,1,8,2,3,0
-1,1,8,2,7,128
-1,1,8,2,4,128
-1,1,8,2,3,255
-1,1,8,2,3,128
-1,1,8,2,6,383
-1,1,8,2,6,382
-1,1,8,2,5,383
-1,1,8,2,4,256
-1,1,8,2,4,383
-1,1,8,2,3,383
-1,1,9,1,8,127
-1,1,9,1,8,0
-1,1,9,1,8,1
-1,1,9,1,7,2
-1,1,9,1,7,127
-1,1,9,1,7,0
-1,1,9,1,7,1
-1,1,9,1,6,127
-1,1,9,1,6,0
-1,1,9,1,6,1
-1,1,9,1,6,2
-1,1,9,1,5,127
-1,1,9,1,5,0
-1,1,9,1,5,1
-1,1,9,1,5,2
-1,1,9,1,5,3
-1,1,9,1,4,127
-1,1,9,1,4,0
-1,1,9,1,4,1
-1,1,9,1,3,127
-1,1,9,1,3,0
-1,1,9,1,3,1
-1,1,9,1,2,2
-1,1,9,1,2,3
-1,1,9,1,2,127
-1,1,9,1,2,0
-1,1,9,1,2,1
-1,1,9,1,1,127
-1,1,9,1,1,0
-1,1,9,1,1,1
-1,1,9,1,8,255
-1,1,9,1,8,254
-1,1,9,1,8,128
-1,1,9,1,7,255
-1,1,9,1,7,128
-1,1,9,1,7,191
-1,1,9,1,6,255
-1,1,9,1,6,128
-1,1,9,1,6,129
-1,1,9,1,6,191
-1,1,9,1,5,255
-1,1,9,1,5,254
-1,1,9,1,5,128
-1,1,9,1,4,255
-1,1,9,1,4,128
-1,1,9,1,3,255
-1,1,9,1,3,254
-1,1,9,1,3,128
-1,1,9,1,3,129
-1,1,9,1,2,254
-1,1,9,1,2,255
-1,1,9,1,2,128
-1,1,9,1,1,255
-1,1,9,1,1,254
-1,1,9,1,1,128
-1,1,9,1,8,256
-1,1,9,1,8,383
-1,1,9,1,8,382
-1,1,9,1,7,256
-1,1,9,1,7,383
-1,1,9,1,7,382
-1,1,9,1,6,256
-1,1,9,1,6,383
-1,1,9,1,6,382
-1,1,9,1,4,256
-1,1,9,1,4,383
-1,1,9,1,4,382
-1,1,9,1,4,381
-1,1,9,1,3,256
-1,1,9,1,3,383
-1,1,9,1,3,382
-1,1,9,1,2,256
-1,1,9,1,2,257
-1,1,9,1,2,383
-1,1,9,1,2,382
-1,1,9,1,1,381
-1,1,9,1,1,256
-1,1,9,2,8,0
-1,1,9,2,8,1
-1,1,9,2,7,0
-1,1,9,2,7,1
-1,1,9,2,6,127
-1,1,9,2,6,0
-1,1,9,2,6,1
-1,1,9,2,5,127
-1,1,9,2,5,0
-1,1,9,2,5,117
-1,1,9,2,4,0
-1,1,9,2,3,127
-1,1,9,2,3,0
-1,1,9,2,2,2
-1,1,9,2,2,0
-1,1,9,2,2,1
-1,1,9,2,1,0
-1,1,9,2,8,255
-1,1,9,2,8,128
-1,1,9,2,7,255
-1,1,9,2,7,128
-1,1,9,2,6,255
-1,1,9,2,6,128
-1,1,9,2,4,255
-1,1,9,2,4,128
-1,1,9,2,3,255
-1,1,9,2,3,254
-1,1,9,2,3,128
-1,1,9,2,3,129
-1,1,9,2,2,128
-1,1,9,2,1,255
-1,1,9,2,1,128
-1,1,9,2,8,383
-1,1,9,2,8,382
-1,1,9,2,7,256
-1,1,9,2,7,383
-1,1,9,2,6,381
-1,1,9,2,6,383
-1,1,9,2,6,382
-1,1,9,2,5,383
-1,1,9,2,4,256
-1,1,9,2,4,383
-1,1,9,2,4,382
-1,1,9,2,3,381
-1,1,9,2,3,257
-1,1,9,2,3,256
-1,1,9,2,3,383
-1,1,9,2,3,382
-1,1,9,2,2,256
-1,1,9,2,2,383
-1,1,9,2,2,382
-1,1,9,2,2,381
-1,1,9,2,1,370
-1,1,9,2,1,257
-1,1,9,2,1,383
-1,1,9,2,1,382
-1,1,10,1,8,17
-1,1,10,1,8,0
-1,1,10,1,6,0
-1,1,10,1,5,0
-1,1,10,1,4,127
-1,1,10,1,4,0
-1,1,10,1,4,1
-1,1,10,1,3,127
-1,1,10,1,3,0
-1,1,10,1,3,1
-1,1,10,1,2,0
-1,1,10,1,1,0
-1,1,10,1,1,119
-1,1,10,1,8,255
-1,1,10,1,8,128
-1,1,10,1,7,255
-1,1,10,1,6,255
-1,1,10,1,5,255
-1,1,10,1,4,255
-1,1,10,1,4,128
-1,1,10,1,3,255
-1,1,10,1,1,255
-1,1,10,1,6,383
-1,1,10,1,5,377
-1,1,10,1,5,378
-1,1,10,1,5,257
-1,1,10,1,4,377
-1,1,10,1,4,380
-1,1,10,1,3,383
-1,1,10,1,2,383
-1,1,10,2,8,39
-1,1,10,2,8,38
-1,1,10,2,8,0
-1,1,10,2,7,0
-1,1,10,2,6,127
-1,1,10,2,6,0
-1,1,10,2,5,0
-1,1,10,2,4,127
-1,1,10,2,4,0
-1,1,10,2,3,127
-1,1,10,2,3,0
-1,1,10,2,2,0
-1,1,10,2,1,127
-1,1,10,2,1,0
-1,1,10,2,8,128
-1,1,10,2,6,128
-1,1,10,2,4,255
-1,1,10,2,4,128
-1,1,10,2,3,255
-1,1,10,2,2,255
-1,1,10,2,2,128
-1,1,10,2,8,383
-1,1,10,2,7,383
-1,1,10,2,6,383
-1,1,10,2,5,383
-1,1,10,2,4,383
-1,1,10,2,3,381
-1,1,10,2,3,256
-1,1,10,2,3,383
-1,1,10,2,2,383
-1,1,10,2,1,383
-1,1,11,1,8,0
-1,1,11,1,7,0
-1,1,11,1,6,0
-1,1,11,1,4,0
-1,1,11,1,4,1
-1,1,11,1,3,127
-1,1,11,1,3,0
-1,1,11,1,2,0
-1,1,11,1,1,0
-1,1,11,1,6,255
-1,1,11,1,6,128
-1,1,11,1,5,142
-1,1,11,1,4,255
-1,1,11,1,4,128
-1,1,11,1,3,255
-1,1,11,1,3,128
-1,1,11,1,2,189
-1,1,11,1,2,188
-1,1,11,1,1,255
-1,1,11,1,6,383
-1,1,11,1,4,383
-1,1,11,1,3,256
-1,1,11,1,3,383
-1,1,11,1,2,382
-1,1,11,2,8,90
-1,1,11,2,7,4
-1,1,11,2,7,2
-1,1,11,2,7,3
-1,1,11,2,7,1
-1,1,11,2,6,0
-1,1,11,2,6,1
-1,1,11,2,5,0
-1,1,11,2,5,1
-1,1,11,2,5,2
-1,1,11,2,5,3
-1,1,11,2,5,4
-1,1,11,2,5,6
-1,1,11,2,4,2
-1,1,11,2,3,127
-1,1,11,2,3,0
-1,1,11,2,3,1
-1,1,11,2,2,0
-1,1,11,2,2,1
-1,1,11,2,1,0
-1,1,11,2,8,255
-1,1,11,2,8,212
-1,1,11,2,8,207
-1,1,11,2,8,206
-1,1,11,2,7,255
-1,1,11,2,7,128
-1,1,11,2,6,255
-1,1,11,2,6,128
-1,1,11,2,5,255
-1,1,11,2,5,128
-1,1,11,2,4,255
-1,1,11,2,4,128
-1,1,11,2,3,255
-1,1,11,2,3,254
-1,1,11,2,3,128
-1,1,11,2,2,255
-1,1,11,2,1,255
-1,1,11,2,1,128
-1,1,11,2,8,383
-1,1,11,2,7,383
-1,1,11,2,7,382
-1,1,11,2,6,381
-1,1,11,2,6,382
-1,1,11,2,4,380
-1,1,11,2,4,379
-1,1,11,2,3,379
-1,1,11,2,2,381
-1,1,11,2,2,379
-1,1,12,1,6,0
-1,1,12,1,5,0
-1,1,12,1,4,127
-1,1,12,1,4,0
-1,1,12,1,3,127
-1,1,12,1,3,0
-1,1,12,1,7,255
-1,1,12,1,7,128
-1,1,12,1,6,255
-1,1,12,1,6,128
-1,1,12,1,4,128
-1,1,12,1,3,255
-1,1,12,1,3,128
-1,1,12,1,6,373
-1,1,12,1,6,379
-1,1,12,1,6,383
-1,1,12,1,5,383
-1,1,12,1,4,383
-1,1,12,1,3,256
-1,1,12,1,3,383
-1,1,12,1,2,383
-1,1,12,1,1,383
-1,1,12,2,8,0
-1,1,12,2,7,2
-1,1,12,2,7,0
-1,1,12,2,7,1
-1,1,12,2,6,0
-1,1,12,2,6,2
-1,1,12,2,5,127
-1,1,12,2,5,0
-1,1,12,2,4,127
-1,1,12,2,4,0
-1,1,12,2,4,1
-1,1,12,2,3,127
-1,1,12,2,3,0
-1,1,12,2,3,1
-1,1,12,2,2,127
-1,1,12,2,2,0
-1,1,12,2,1,127
-1,1,12,2,1,0
-1,1,12,2,8,255
-1,1,12,2,8,128
-1,1,12,2,7,255
-1,1,12,2,7,128
-1,1,12,2,6,255
-1,1,12,2,6,128
-1,1,12,2,5,255
-1,1,12,2,4,255
-1,1,12,2,4,128
-1,1,12,2,3,255
-1,1,12,2,3,128
-1,1,12,2,2,255
-1,1,12,2,2,128
-1,1,12,2,2,235
-1,1,12,2,2,234
-1,1,12,2,1,255
-1,1,12,2,1,128
-1,1,12,2,7,383
-1,1,12,2,6,256
-1,1,12,2,6,383
-1,1,12,2,6,382
-1,1,12,2,5,256
-1,1,12,2,5,383
-1,1,12,2,5,382
-1,1,12,2,4,381
-1,1,12,2,4,256
-1,1,12,2,4,383
-1,1,12,2,4,382
-1,1,12,2,3,256
-1,1,12,2,3,383
-1,1,12,2,3,382
-1,1,12,2,2,383
-1,1,12,2,1,383
1,1,7,1,8,0
1,1,7,1,7,2
1,1,7,1,7,0
1,1,7,1,7,1
1,1,7,1,6,0
1,1,7,1,6,1
1,1,7,1,5,127
1,1,7,1,4,0
1,1,7,1,3,127
1,1,7,1,3,126
1,1,7,1,3,0
1,1,7,1,1,0
1,1,7,1,1,1
1,1,7,1,8,255
1,1,7,1,7,255
1,1,7,1,7,128
1,1,7,1,6,255
1,1,7,1,5,142
1,1,7,1,5,144
1,1,7,1,5,154
1,1,7,1,4,168
1,1,7,1,4,151
1,1,7,1,4,255
1,1,7,1,4,128
1,1,7,1,3,255
1,1,7,1,3,128
1,1,7,1,2,128
1,1,7,1,1,255
1,1,7,1,8,383
1,1,7,1,7,383
1,1,7,1,6,383
1,1,7,1,5,383
1,1,7,1,4,256
1,1,7,1,4,383
1,1,7,1,4,382
1,1,7,1,3,256
1,1,7,1,3,383
1,1,7,1,2,256
1,1,7,1,2,383
1,1,7,1,1,383
1,1,7,2,8,0
1,1,7,2,7,0
1,1,7,2,6,0
1,1,7,2,6,1
1,1,7,2,5,0
1,1,7,2,4,127
1,1,7,2,4,0
1,1,7,2,4,1
1,1,7,2,3,127
1,1,7,2,3,0
1,1,7,2,2,0
1,1,7,2,1,127
1,1,7,2,1,0
1,1,7,2,1,1
1,1,7,2,1,66
1,1,7,2,1,60
1,1,7,2,8,255
1,1,7,2,8,128
1,1,7,2,7,255
1,1,7,2,7,128
1,1,7,2,7,129
1,1,7,2,6,255
1,1,7,2,6,128
1,1,7,2,5,255
1,1,7,2,5,128
1,1,7,2,4,213
1,1,7,2,4,168
1,1,7,2,4,221
1,1,7,2,4,161
1,1,7,2,4,160
1,1,7,2,4,237
1,1,7,2,4,255
1,1,7,2,4,128
1,1,7,2,3,255
1,1,7,2,3,254
1,1,7,2,3,128
1,1,7,2,3,129
1,1,7,2,2,128
1,1,7,2,1,255
1,1,7,2,1,128
1,1,7,2,8,383
1,1,7,2,7,256
1,1,7,2,7,383
1,1,7,2,7,382
1,1,7,2,7,381
1,1,7,2,6,383
1,1,7,2,5,381
1,1,7,2,5,383
1,1,7,2,4,256
1,1,7,2,4,383
1,1,7,2,3,256
1,1,7,2,3,383
1,1,7,2,2,256
1,1,7,2,2,383
1,1,7,2,1,383
1,1,8,1,6,127
1,1,8,1,6,0
1,1,8,1,5,0
1,1,8,1,4,127
1,1,8,1,4,0
1,1,8,1,3,127
1,1,8,1,3,0
1,1,8,1,2,0
1,1,8,1,1,119
1,1,8,1,4,128
1,1,8,1,4,129
1,1,8,1,6,383
1,1,8,1,5,383
1,1,8,1,4,383
1,1,8,1,3,379
1,1,8,1,3,381
1,1,8,1,3,383
1,1,8,2,7,127
1,1,8,2,7,0
1,1,8,2,6,127
1,1,8,2,6,0
1,1,8,2,5,127
1,1,8,2,5,0
1,1,8,2,4,127
1,1,8,2,4,0
1,1,8,2,3,0
1,1,8,2,1,119
1,1,8,2,8,255
1,1,8,2,8,128
1,1,8,2,8,185
1,1,8,2,8,184
1,1,8,2,4,255
1,1,8,2,4,128
1,1,8,2,4,133
1,1,8,2,3,255
1,1,8,2,1,128
1,1,9,1,8,0
1,1,9,1,8,1
1,1,9,1,7,0
1,1,9,1,6,127
1,1,9,1,6,0
1,1,9,1,6,1
1,1,9,1,6,2
1,1,9,1,5,0
1,1,9,1,5,1
1,1,9,1,4,127
1,1,9,1,4,0
1,1,9,1,4,1
1,1,9,1,3,127
1,1,9,1,3,0
1,1,9,1,3,1
1,1,9,1,3,2
1,1,9,1,3,119
1,1,9,1,3,63
1,1,9,1,2,0
1,1,9,1,2,1
1,1,9,1,1,127
1,1,9,1,1,0
1,1,9,1,1,3
1,1,9,1,1,8
1,1,9,1,8,255
1,1,9,1,8,128
1,1,9,1,7,255
1,1,9,1,7,128
1,1,9,1,6,255
1,1,9,1,6,128
1,1,9,1,5,255
1,1,9,1,5,128
1,1,9,1,4,255
1,1,9,1,4,128
1,1,9,1,3,255
1,1,9,1,3,254
1,1,9,1,3,128
1,1,9,1,3,129
1,1,9,1,3,131
1,1,9,1,3,138
1,1,9,1,3,140
1,1,9,1,2,255
1,1,9,1,2,128
1,1,9,1,1,255
1,1,9,1,1,128
1,1,9,1,8,383
1,1,9,1,8,382
1,1,9,1,7,256
1,1,9,1,7,383
1,1,9,1,7,382
1,1,9,1,6,382
1,1,9,1,5,381
1,1,9,1,5,383
1,1,9,1,5,382
1,1,9,1,4,256
1,1,9,1,4,383
1,1,9,1,4,382
1,1,9,1,3,256
1,1,9,1,3,383
1,1,9,1,2,256
1,1,9,1,2,383
1,1,9,1,2,382
1,1,9,1,1,256
1,1,9,1,1,383
1,1,9,1,1,382
1,1,9,2,8,0
1,1,9,2,7,0
1,1,9,2,7,1
1,1,9,2,6,127
1,1,9,2,6,126
1,1,9,2,6,0
1,1,9,2,6,1
1,1,9,2,5,0
1,1,9,2,4,127
1,1,9,2,4,0
1,1,9,2,4,1
1,1,9,2,3,127
1,1,9,2,3,0
1,1,9,2,3,1
1,1,9,2,2,2
1,1,9,2,2,127
1,1,9,2,2,0
1,1,9,2,2,1
1,1,9,2,1,127
1,1,9,2,1,0
1,1,9,2,1,1
1,1,9,2,8,255
1,1,9,2,8,128
1,1,9,2,7,255
1,1,9,2,7,128
1,1,9,2,7,191
1,1,9,2,6,255
1,1,9,2,6,128
1,1,9,2,4,255
1,1,9,2,4,128
1,1,9,2,4,129
1,1,9,2,3,255
1,1,9,2,3,128
1,1,9,2,3,129
1,1,9,2,2,255
1,1,9,2,2,128
1,1,9,2,1,255
1,1,9,2,1,254
1,1,9,2,1,128
1,1,9,2,1,129
1,1,9,2,8,256
1,1,9,2,8,383
1,1,9,2,8,382
1,1,9,2,7,256
1,1,9,2,7,383
1,1,9,2,7,382
1,1,9,2,6,381
1,1,9,2,6,256
1,1,9,2,6,383
1,1,9,2,6,382
1,1,9,2,5,383
1,1,9,2,4,256
1,1,9,2,4,383
1,1,9,2,4,382
1,1,9,2,3,256
1,1,9,2,3,383
1,1,9,2,3,382
1,1,9,2,2,256
1,1,9,2,2,383
1,1,9,2,2,382
1,1,9,2,1,327
1,1,9,2,1,279
1,1,9,2,1,278
1,1,9,2,1,375
1,1,9,2,1,374
1,1,9,2,1,256
1,1,10,2,7,0
1,1,10,2,6,0
1,1,10,2,5,0
1,1,10,2,4,127
1,1,10,2,4,1
1,1,10,2,4,2
1,1,10,2,3,0
1,1,10,2,1,119
1,1,10,2,7,255
1,1,10,2,7,128
1,1,10,2,7,130
1,1,10,2,5,255
1,1,10,2,4,255
1,1,10,2,4,128
1,1,10,2,3,255
1,1,10,2,3,128
1,1,10,2,2,226
1,1,10,2,2,225
1,1,10,2,2,219
1,1,10,2,6,383
1,1,10,2,5,267
1,1,10,2,5,266
1,1,10,2,4,383
1,1,10,2,3,333
1,1,10,2,3,300
1,1,10,2,3,293
1,1,10,2,3,286
1,1,10,2,3,285
1,1,10,2,3,284
1,1,10,2,3,283
1,1,10,2,3,282
1,1,10,2,3,281
1,1,10,2,3,367
1,1,10,2,3,371
1,1,10,2,3,377
1,1,10,2,1,383
1,1,11,1,8,2
1,1,11,1,8,127
1,1,11,1,8,0
1,1,11,1,8,1
1,1,11,1,7,2
1,1,11,1,7,127
1,1,11,1,7,0
1,1,11,1,7,1
1,1,11,1,6,127
1,1,11,1,6,0
1,1,11,1,6,1
1,1,11,1,6,2
1,1,11,1,6,63
1,1,11,1,5,0
1,1,11,1,5,1
1,1,11,1,4,2
1,1,11,1,4,127
1,1,11,1,4,0
1,1,11,1,4,1
1,1,11,1,3,127
1,1,11,1,3,0
1,1,11,1,2,2
1,1,11,1,2,127
1,1,11,1,2,0
1,1,11,1,2,1
1,1,11,1,1,127
1,1,11,1,1,0
1,1,11,1,1,2
1,1,11,1,8,255
1,1,11,1,8,128
1,1,11,1,8,191
1,1,11,1,7,255
1,1,11,1,7,128
1,1,11,1,7,191
1,1,11,1,6,255
1,1,11,1,6,128
1,1,11,1,5,255
1,1,11,1,5,128
1,1,11,1,4,253
1,1,11,1,4,128
1,1,11,1,4,129
1,1,11,1,3,255
1,1,11,1,3,128
1,1,11,1,2,255
1,1,11,1,2,128
1,1,11,1,2,129
1,1,11,1,1,255
1,1,11,1,1,254
1,1,11,1,1,128
1,1,11,1,1,129
1,1,11,1,1,253
1,1,11,1,1,247
1,1,11,1,1,191
1,1,11,1,8,256
1,1,11,1,8,383
1,1,11,1,8,382
1,1,11,1,7,256
1,1,11,1,7,383
1,1,11,1,7,382
1,1,11,1,6,372
1,1,11,1,6,381
1,1,11,1,6,380
1,1,11,1,6,256
1,1,11,1,6,383
1,1,11,1,6,382
1,1,11,1,5,381
1,1,11,1,5,383
1,1,11,1,5,382
1,1,11,1,4,383
1,1,11,1,4,382
1,1,11,1,4,259
1,1,11,1,4,381
1,1,11,1,4,380
1,1,11,1,3,256
1,1,11,1,3,383
1,1,11,1,3,382
1,1,11,1,2,256
1,1,11,1,2,383
1,1,11,1,2,382
1,1,11,1,1,354
1,1,11,1,1,366
1,1,11,1,1,374
1,1,11,1,1,256
1,1,11,1,1,383
1,1,11,1,1,382
1,1,11,2,8,0
1,1,11,2,8,1
1,1,11,2,7,127
1,1,11,2,7,0
1,1,11,2,6,0
1,1,11,2,5,0
1,1,11,2,5,1
1,1,11,2,4,127
1,1,11,2,4,1
1,1,11,2,3,127
1,1,11,2,3,0
1,1,11,2,2,2
1,1,11,2,2,0
1,1,11,2,2,1
1,1,11,2,8,255
1,1,11,2,7,255
1,1,11,2,7,128
1,1,11,2,7,129
1,1,11,2,6,255
1,1,11,2,6,128
1,1,11,2,6,129
1,1,11,2,5,128
1,1,11,2,5,129
1,1,11,2,4,255
1,1,11,2,4,128
1,1,11,2,3,255
1,1,11,2,3,128
1,1,11,2,2,128
1,1,11,2,1,255
1,1,11,2,1,128
1,1,11,2,8,383
1,1,11,2,8,356
1,1,11,2,7,383
1,1,11,2,7,382
1,1,11,2,6,383
1,1,11,2,5,383
1,1,11,2,5,382
1,1,11,2,4,256
1,1,11,2,4,383
1,1,11,2,4,382
1,1,11,2,3,256
1,1,11,2,3,383
1,1,11,2,2,383
1,1,11,2,1,383
1,1,12,1,8,0
1,1,12,1,7,0
1,1,12,1,6,127
1,1,12,1,6,0
1,1,12,1,6,1
1,1,12,1,5,0
1,1,12,1,4,0
1,1,12,1,3,127
1,1,12,1,3,0
1,1,12,1,3,69
1,1,12,1,3,68
1,1,12,1,2,127
1,1,12,1,2,1
1,1,12,1,1,0
1,1,12,1,8,255
1,1,12,1,7,255
1,1,12,1,7,128
1,1,12,1,6,255
1,1,12,1,6,128
1,1,12,1,6,253
1,1,12,1,6,252
1,1,12,1,5,255
1,1,12,1,5,128
1,1,12,1,4,255
1,1,12,1,4,128
1,1,12,1,3,255
1,1,12,1,3,128
1,1,12,1,2,255
1,1,12,1,1,255
1,1,12,1,1,224
1,1,12,1,8,383
1,1,12,1,7,383
1,1,12,1,7,382
1,1,12,1,6,381
1,1,12,1,6,383
1,1,12,1,6,382
1,1,12,1,5,383
1,1,12,1,4,383
1,1,12,1,3,319
1,1,12,1,3,318
1,1,12,1,3,256
1,1,12,1,3,383
1,1,12,1,1,383
1,1,12,2,8,0
1,1,12,2,7,0
1,1,12,2,7,1
1,1,12,2,6,127
1,1,12,2,6,0
1,1,12,2,6,1
1,1,12,2,5,0
1,1,12,2,4,127
1,1,12,2,4,0
1,1,12,2,3,127
1,1,12,2,3,0
1,1,12,2,2,127
1,1,12,2,2,0
1,1,12,2,1,0
1,1,12,2,8,255
1,1,12,2,8,128
1,1,12,2,7,255
1,1,12,2,6,255
1,1,12,2,6,128
1,1,12,2,5,128
1,1,12,2,4,255
1,1,12,2,4,128
1,1,12,2,3,255
1,1,12,2,3,128
1,1,12,2,1,255
1,1,12,2,1,128
1,1,12,2,8,383
1,1,12,2,7,383
1,1,12,2,6,256
1,1,12,2,6,383
1,1,12,2,6,382
1,1,12,2,5,383
1,1,12,2,4,256
1,1,12,2,4,383
1,1,12,2,4,382
1,1,12,2,3,257
1,1,12,2,3,256
1,1,12,2,3,383
1,1,12,2,2,383
1,1,12,2,1,383
-1,1,13,1,8,127
-1,1,13,1,8,0
-1,1,13,1,8,1
-1,1,13,1,7,127
-1,1,13,1,7,0
-1,1,13,1,7,1
-1,1,13,1,6,127
-1,1,13,1,6,0
-1,1,13,1,6,1
-1,1,13,1,5,127
-1,1,13,1,5,0
-1,1,13,1,5,1
-1,1,13,1,5,2
-1,1,13,1,5,3
-1,1,13,1,5,4
-1,1,13,1,5,5
-1,1,13,1,4,11
-1,1,13,1,4,127
-1,1,13,1,4,0
-1,1,13,1,4,1
-1,1,13,1,3,127
-1,1,13,1,3,0
-1,1,13,1,2,2
-1,1,13,1,2,127
-1,1,13,1,2,0
-1,1,13,1,2,1
-1,1,13,1,1,0
-1,1,13,1,8,255
-1,1,13,1,8,254
-1,1,13,1,8,128
-1,1,13,1,7,255
-1,1,13,1,7,128
-1,1,13,1,6,255
-1,1,13,1,6,128
-1,1,13,1,5,255
-1,1,13,1,5,128
-1,1,13,1,4,255
-1,1,13,1,4,128
-1,1,13,1,3,255
-1,1,13,1,3,254
-1,1,13,1,3,128
-1,1,13,1,3,129
-1,1,13,1,2,255
-1,1,13,1,2,128
-1,1,13,1,1,255
-1,1,13,1,1,254
-1,1,13,1,1,128
-1,1,13,1,8,256
-1,1,13,1,8,383
-1,1,13,1,7,256
-1,1,13,1,7,383
-1,1,13,1,7,382
-1,1,13,1,6,381
-1,1,13,1,6,383
-1,1,13,1,6,382
-1,1,13,1,5,381
-1,1,13,1,5,383
-1,1,13,1,5,382
-1,1,13,1,4,256
-1,1,13,1,4,378
-1,1,13,1,3,381
-1,1,13,1,3,256
-1,1,13,1,2,256
-1,1,13,1,2,257
-1,1,13,1,2,383
-1,1,13,1,1,383
-1,1,13,2,8,0
-1,1,13,2,7,0
-1,1,13,2,6,127
-1,1,13,2,6,0
-1,1,13,2,5,127
-1,1,13,2,4,2
-1,1,13,2,4,127
-1,1,13,2,4,0
-1,1,13,2,4,1
-1,1,13,2,3,127
-1,1,13,2,3,0
-1,1,13,2,2,0
-1,1,13,2,2,1
-1,1,13,2,1,0
-1,1,13,2,1,1
-1,1,13,2,8,255
-1,1,13,2,8,128
-1,1,13,2,7,255
-1,1,13,2,7,128
-1,1,13,2,6,255
-1,1,13,2,5,142
-1,1,13,2,5,144
-1,1,13,2,5,152
-1,1,13,2,5,154
-1,1,13,2,4,168
-1,1,13,2,4,128
-1,1,13,2,3,255
-1,1,13,2,3,254
-1,1,13,2,3,128
-1,1,13,2,3,252
-1,1,13,2,2,255
-1,1,13,2,2,128
-1,1,13,2,1,128
-1,1,13,2,8,383
-1,1,13,2,7,383
-1,1,13,2,6,383
-1,1,13,2,6,382
-1,1,13,2,5,383
-1,1,13,2,5,382
-1,1,13,2,4,256
-1,1,13,2,4,383
-1,1,13,2,4,382
-1,1,13,2,3,273
-1,1,13,2,3,272
-1,1,13,2,3,256
-1,1,13,2,3,383
-1,1,13,2,2,256
-1,1,13,2,2,383
-1,1,13,2,1,383
-1,1,14,1,8,29
-1,1,14,1,8,28
-1,1,14,1,8,0
-1,1,14,1,6,0
-1,1,14,1,5,0
-1,1,14,1,4,127
-1,1,14,1,4,0
-1,1,14,1,3,127
-1,1,14,1,3,0
-1,1,14,1,8,255
-1,1,14,1,8,128
-1,1,14,1,7,128
-1,1,14,1,6,128
-1,1,14,1,5,128
-1,1,14,1,4,232
-1,1,14,1,4,150
-1,1,14,1,3,255
-1,1,14,1,1,255
-1,1,14,1,7,369
-1,1,14,1,6,383
-1,1,14,1,5,381
-1,1,14,1,5,383
-1,1,14,1,5,382
-1,1,14,1,4,383
-1,1,14,1,3,383
-1,1,14,1,2,383
-1,1,14,1,1,369
-1,1,14,1,1,370
-1,1,14,2,8,0
-1,1,14,2,7,0
-1,1,14,2,6,127
-1,1,14,2,6,0
-1,1,14,2,6,1
-1,1,14,2,5,0
-1,1,14,2,4,127
-1,1,14,2,4,0
-1,1,14,2,4,1
-1,1,14,2,3,127
-1,1,14,2,3,0
-1,1,14,2,2,127
-1,1,14,2,2,0
-1,1,14,2,1,0
-1,1,14,2,8,255
-1,1,14,2,8,128
-1,1,14,2,6,255
-1,1,14,2,6,128
-1,1,14,2,5,128
-1,1,14,2,4,255
-1,1,14,2,4,128
-1,1,14,2,3,255
-1,1,14,2,3,128
-1,1,14,2,1,255
-1,1,14,2,1,128
-1,1,14,2,8,383
-1,1,14,2,8,382
-1,1,14,2,7,383
-1,1,14,2,6,381
-1,1,14,2,6,383
-1,1,14,2,6,382
-1,1,14,2,5,381
-1,1,14,2,5,383
-1,1,14,2,4,383
-1,1,14,2,2,383
-1,1,14,2,1,383
-1,1,15,1,8,0
-1,1,15,1,7,0
-1,1,15,1,6,0
-1,1,15,1,6,1
-1,1,15,1,5,0
-1,1,15,1,4,0
-1,1,15,1,3,127
-1,1,15,1,3,0
-1,1,15,1,3,1
-1,1,15,1,2,127
-1,1,15,1,2,0
-1,1,15,1,1,0
-1,1,15,1,8,255
-1,1,15,1,7,255
-1,1,15,1,7,128
-1,1,15,1,6,255
-1,1,15,1,6,128
-1,1,15,1,5,144
-1,1,15,1,4,168
-1,1,15,1,4,128
-1,1,15,1,3,255
-1,1,15,1,3,128
-1,1,15,1,1,255
-1,1,15,1,1,128
-1,1,15,1,8,383
-1,1,15,1,7,383
-1,1,15,1,6,383
-1,1,15,1,5,383
-1,1,15,1,4,256
-1,1,15,1,4,383
-1,1,15,1,3,256
-1,1,15,1,3,383
-1,1,15,1,2,256
-1,1,15,1,2,257
-1,1,15,1,2,383
-1,1,15,1,1,383
-1,1,15,2,8,0
-1,1,15,2,8,1
-1,1,15,2,7,0
-1,1,15,2,7,1
-1,1,15,2,6,0
-1,1,15,2,5,127
-1,1,15,2,5,0
-1,1,15,2,4,0
-1,1,15,2,3,127
-1,1,15,2,3,0
-1,1,15,2,2,0
-1,1,15,2,1,0
-1,1,15,2,7,255
-1,1,15,2,7,128
-1,1,15,2,6,255
-1,1,15,2,6,128
-1,1,15,2,5,144
-1,1,15,2,4,167
-1,1,15,2,4,128
-1,1,15,2,3,255
-1,1,15,2,3,254
-1,1,15,2,3,128
-1,1,15,2,3,129
-1,1,15,2,8,383
-1,1,15,2,7,383
-1,1,15,2,7,381
-1,1,15,2,6,318
-1,1,15,2,6,383
-1,1,15,2,5,383
-1,1,15,2,4,383
-1,1,15,2,3,256
-1,1,15,2,3,383
-1,1,15,2,2,383
-1,1,15,2,1,383
-1,1,16,1,6,0
-1,1,16,1,5,0
-1,1,16,1,4,127
-1,1,16,1,4,0
-1,1,16,1,4,1
-1,1,16,1,3,127
-1,1,16,1,3,0
-1,1,16,1,1,127
-1,1,16,1,1,0
-1,1,16,1,7,255
-1,1,16,1,7,128
-1,1,16,1,6,255
-1,1,16,1,6,128
-1,1,16,1,6,383
-1,1,16,1,5,383
-1,1,16,1,5,382
-1,1,16,1,4,383
-1,1,16,1,3,383
-1,1,16,2,8,0
-1,1,16,2,7,0
-1,1,16,2,6,127
-1,1,16,2,6,0
-1,1,16,2,6,1
-1,1,16,2,6,2
-1,1,16,2,5,127
-1,1,16,2,5,0
-1,1,16,2,5,1
-1,1,16,2,4,127
-1,1,16,2,4,0
-1,1,16,2,4,1
-1,1,16,2,3,127
-1,1,16,2,3,0
-1,1,16,2,3,1
-1,1,16,2,3,2
-1,1,16,2,3,4
-1,1,16,2,3,6
-1,1,16,2,2,127
-1,1,16,2,2,0
-1,1,16,2,2,1
-1,1,16,2,1,127
-1,1,16,2,1,4
-1,1,16,2,8,255
-1,1,16,2,8,128
-1,1,16,2,7,255
-1,1,16,2,7,128
-1,1,16,2,6,255
-1,1,16,2,6,128
-1,1,16,2,5,255
-1,1,16,2,5,128
-1,1,16,2,4,255
-1,1,16,2,4,254
-1,1,16,2,4,128
-1,1,16,2,3,255
-1,1,16,2,3,128
-1,1,16,2,2,255
-1,1,16,2,2,128
-1,1,16,2,1,255
-1,1,16,2,1,128
-1,1,16,2,1,144
-1,1,16,2,1,149
-1,1,16,2,8,383
-1,1,16,2,7,383
-1,1,16,2,6,265
-1,1,16,2,6,264
-1,1,16,2,6,383
-1,1,16,2,5,377
-1,1,16,2,5,376
-1,1,16,2,5,381
-1,1,16,2,5,380
-1,1,16,2,5,256
-1,1,16,2,5,383
-1,1,16,2,5,382
-1,1,16,2,4,381
-1,1,16,2,4,256
-1,1,16,2,4,383
-1,1,16,2,4,382
-1,1,16,2,3,381
-1,1,16,2,3,257
-1,1,16,2,3,256
-1,1,16,2,3,383
-1,1,16,2,3,382
-1,1,16,2,2,383
-1,1,16,2,1,383
-1,1,17,1,7,0
-1,1,17,1,6,0
-1,1,17,1,3,127
-1,1,17,1,3,0
-1,1,17,1,2,0
-1,1,17,1,7,128
-1,1,17,1,6,255
-1,1,17,1,6,128
-1,1,17,1,3,255
-1,1,17,1,3,254
-1,1,17,1,3,128
-1,1,17,1,3,129
-1,1,17,1,7,383
-1,1,17,1,6,383
-1,1,17,1,5,383
-1,1,17,1,3,256
-1,1,17,1,3,383
-1,1,17,2,7,0
-1,1,17,2,6,0
-1,1,17,2,4,0
-1,1,17,2,3,127
-1,1,17,2,3,0
-1,1,17,2,3,1
-1,1,17,2,2,0
-1,1,17,2,8,255
-1,1,17,2,7,255
-1,1,17,2,7,128
-1,1,17,2,6,255
-1,1,17,2,6,128
-1,1,17,2,5,142
-1,1,17,2,5,144
-1,1,17,2,5,154
-1,1,17,2,3,255
-1,1,17,2,3,128
-1,1,17,2,1,255
-1,1,17,2,7,383
-1,1,17,2,6,383
-1,1,17,2,3,256
-1,1,17,2,3,383
-1,1,17,2,1,375
-1,1,18,1,6,0
-1,1,18,1,5,0
-1,1,18,1,4,0
-1,1,18,1,3,0
-1,1,18,1,8,255
-1,1,18,1,7,255
-1,1,18,1,7,128
-1,1,18,1,5,128
-1,1,18,1,4,128
-1,1,18,1,3,255
-1,1,18,1,6,383
-1,1,18,1,6,382
-1,1,18,1,5,383
-1,1,18,1,4,383
-1,1,18,2,7,0
-1,1,18,2,6,0
-1,1,18,2,6,1
-1,1,18,2,5,0
-1,1,18,2,4,127
-1,1,18,2,4,0
-1,1,18,2,3,127
-1,1,18,2,3,0
-1,1,18,2,3,1
-1,1,18,2,8,255
-1,1,18,2,7,255
-1,1,18,2,7,128
-1,1,18,2,6,255
-1,1,18,2,4,128
-1,1,18,2,3,255
-1,1,18,2,3,128
-1,1,18,2,6,383
-1,1,18,2,5,383
-1,1,18,2,5,382
-1,1,18,2,4,383
-1,1,18,2,3,383
1,1,13,1,8,0
1,1,13,1,8,1
1,1,13,1,7,2
1,1,13,1,7,127
1,1,13,1,7,0
1,1,13,1,7,1
1,1,13,1,6,127
1,1,13,1,6,126
1,1,13,1,6,0
1,1,13,1,6,1
1,1,13,1,6,2
1,1,13,1,6,63
1,1,13,1,5,127
1,1,13,1,5,0
1,1,13,1,5,1
1,1,13,1,4,2
1,1,13,1,4,127
1,1,13,1,4,0
1,1,13,1,4,1
1,1,13,1,3,127
1,1,13,1,3,0
1,1,13,1,3,1
1,1,13,1,2,2
1,1,13,1,2,127
1,1,13,1,2,0
1,1,13,1,2,1
1,1,13,1,1,127
1,1,13,1,1,0
1,1,13,1,1,1
1,1,13,1,1,2
1,1,13,1,8,255
1,1,13,1,8,254
1,1,13,1,8,128
1,1,13,1,8,191
1,1,13,1,7,255
1,1,13,1,7,128
1,1,13,1,7,191
1,1,13,1,6,255
1,1,13,1,6,254
1,1,13,1,6,128
1,1,13,1,6,129
1,1,13,1,6,191
1,1,13,1,5,255
1,1,13,1,5,128
1,1,13,1,4,255
1,1,13,1,4,128
1,1,13,1,4,129
1,1,13,1,3,255
1,1,13,1,3,254
1,1,13,1,3,128
1,1,13,1,3,129
1,1,13,1,2,254
1,1,13,1,2,255
1,1,13,1,2,128
1,1,13,1,1,255
1,1,13,1,1,254
1,1,13,1,1,128
1,1,13,1,1,129
1,1,13,1,1,191
1,1,13,1,8,256
1,1,13,1,8,383
1,1,13,1,8,382
1,1,13,1,7,256
1,1,13,1,7,383
1,1,13,1,7,382
1,1,13,1,6,381
1,1,13,1,6,256
1,1,13,1,6,383
1,1,13,1,6,382
1,1,13,1,5,381
1,1,13,1,5,256
1,1,13,1,5,383
1,1,13,1,5,382
1,1,13,1,4,256
1,1,13,1,4,383
1,1,13,1,4,382
1,1,13,1,4,381
1,1,13,1,3,256
1,1,13,1,3,383
1,1,13,1,3,382
1,1,13,1,2,256
1,1,13,1,2,383
1,1,13,1,2,382
1,1,13,1,2,381
1,1,13,1,1,256
1,1,13,1,1,383
1,1,13,1,1,382
1,1,13,2,8,0
1,1,13,2,8,1
1,1,13,2,7,2
1,1,13,2,7,127
1,1,13,2,7,0
1,1,13,2,7,1
1,1,13,2,6,127
1,1,13,2,6,0
1,1,13,2,6,1
1,1,13,2,5,0
1,1,13,2,4,2
1,1,13,2,4,127
1,1,13,2,4,0
1,1,13,2,4,1
1,1,13,2,3,127
1,1,13,2,3,0
1,1,13,2,3,1
1,1,13,2,2,2
1,1,13,2,2,127
1,1,13,2,2,0
1,1,13,2,2,1
1,1,13,2,1,127
1,1,13,2,1,0
1,1,13,2,8,255
1,1,13,2,8,128
1,1,13,2,7,255
1,1,13,2,7,128
1,1,13,2,6,255
1,1,13,2,6,128
1,1,13,2,5,128
1,1,13,2,4,255
1,1,13,2,4,128
1,1,13,2,3,255
1,1,13,2,3,254
1,1,13,2,3,128
1,1,13,2,3,129
1,1,13,2,2,255
1,1,13,2,2,128
1,1,13,2,1,255
1,1,13,2,1,128
1,1,13,2,1,129
1,1,13,2,8,256
1,1,13,2,8,383
1,1,13,2,8,382
1,1,13,2,7,256
1,1,13,2,7,383
1,1,13,2,7,382
1,1,13,2,6,381
1,1,13,2,6,256
1,1,13,2,6,383
1,1,13,2,6,382
1,1,13,2,5,383
1,1,13,2,4,256
1,1,13,2,4,383
1,1,13,2,4,382
1,1,13,2,3,256
1,1,13,2,3,383
1,1,13,2,3,382
1,1,13,2,2,256
1,1,13,2,2,383
1,1,13,2,2,382
1,1,13,2,1,383
1,1,13,2,1,382
1,1,14,1,8,4
1,1,14,1,7,127
1,1,14,1,7,0
1,1,14,1,7,1
1,1,14,1,6,127
1,1,14,1,6,0
1,1,14,1,6,1
1,1,14,1,5,127
1,1,14,1,5,0
1,1,14,1,4,127
1,1,14,1,4,0
1,1,14,1,3,127
1,1,14,1,3,126
1,1,14,1,3,0
1,1,14,1,3,1
1,1,14,1,3,2
1,1,14,1,3,63
1,1,14,1,2,127
1,1,14,1,2,0
1,1,14,1,2,1
1,1,14,1,1,127
1,1,14,1,1,0
1,1,14,1,8,255
1,1,14,1,8,128
1,1,14,1,8,191
1,1,14,1,7,255
1,1,14,1,7,254
1,1,14,1,7,128
1,1,14,1,6,255
1,1,14,1,6,128
1,1,14,1,5,255
1,1,14,1,5,128
1,1,14,1,4,255
1,1,14,1,4,254
1,1,14,1,4,128
1,1,14,1,3,255
1,1,14,1,3,128
1,1,14,1,2,255
1,1,14,1,2,128
1,1,14,1,1,255
1,1,14,1,1,254
1,1,14,1,1,128
1,1,14,1,8,256
1,1,14,1,8,383
1,1,14,1,7,383
1,1,14,1,6,256
1,1,14,1,6,383
1,1,14,1,6,382
1,1,14,1,5,256
1,1,14,1,5,383
1,1,14,1,5,382
1,1,14,1,4,256
1,1,14,1,4,383
1,1,14,1,4,382
1,1,14,1,3,381
1,1,14,1,3,257
1,1,14,1,3,256
1,1,14,1,3,383
1,1,14,1,3,382
1,1,14,1,2,383
1,1,14,1,1,256
1,1,14,1,1,383
1,1,14,1,1,382
1,1,14,2,8,111
1,1,14,2,8,0
1,1,14,2,7,0
1,1,14,2,6,127
1,1,14,2,6,0
1,1,14,2,6,1
1,1,14,2,5,127
1,1,14,2,5,0
1,1,14,2,5,1
1,1,14,2,4,127
1,1,14,2,4,0
1,1,14,2,4,1
1,1,14,2,3,127
1,1,14,2,3,0
1,1,14,2,2,127
1,1,14,2,2,126
1,1,14,2,2,0
1,1,14,2,2,125
1,1,14,2,2,121
1,1,14,2,1,127
1,1,14,2,1,10
1,1,14,2,8,255
1,1,14,2,7,255
1,1,14,2,7,128
1,1,14,2,6,255
1,1,14,2,6,128
1,1,14,2,5,254
1,1,14,2,5,128
1,1,14,2,4,255
1,1,14,2,4,128
1,1,14,2,3,255
1,1,14,2,3,128
1,1,14,2,1,255
1,1,14,2,1,128
1,1,14,2,8,383
1,1,14,2,6,383
1,1,14,2,5,256
1,1,14,2,5,383
1,1,14,2,4,383
1,1,14,2,3,256
1,1,14,2,3,383
1,1,14,2,3,382
1,1,14,2,1,383
1,1,15,1,1,0
1,1,15,1,7,255
1,1,15,1,7,128
1,1,15,1,6,255
1,1,15,1,6,128
1,1,15,1,5,128
1,1,15,1,5,129
1,1,15,1,5,244
1,1,15,1,5,242
1,1,15,1,5,142
1,1,15,1,5,144
1,1,15,1,5,234
1,1,15,1,5,232
1,1,15,1,5,152
1,1,15,1,5,154
1,1,15,1,5,217
1,1,15,1,5,208
1,1,15,1,4,213
1,1,15,1,4,168
1,1,15,1,4,167
1,1,15,1,4,160
1,1,15,1,4,128
1,1,15,1,3,255
1,1,15,1,3,254
1,1,15,1,3,128
1,1,15,1,3,129
1,1,15,1,1,255
1,1,15,1,1,128
1,1,15,1,7,383
1,1,15,1,7,382
1,1,15,1,6,383
1,1,15,1,5,259
1,1,15,1,5,257
1,1,15,1,5,383
1,1,15,1,4,256
1,1,15,1,4,383
1,1,15,1,4,382
1,1,15,1,3,256
1,1,15,1,3,383
1,1,15,1,3,382
1,1,15,1,2,256
1,1,15,1,2,383
1,1,15,1,2,382
1,1,15,2,8,2
1,1,15,2,8,0
1,1,15,2,8,1
1,1,15,2,7,127
1,1,15,2,7,0
1,1,15,2,7,1
1,1,15,2,6,0
1,1,15,2,5,127
1,1,15,2,5,0
1,1,15,2,4,127
1,1,15,2,4,0
1,1,15,2,4,1
1,1,15,2,3,127
1,1,15,2,3,0
1,1,15,2,2,0
1,1,15,2,2,1
1,1,15,2,1,127
1,1,15,2,1,0
1,1,15,2,1,1
1,1,15,2,1,2
1,1,15,2,1,3
1,1,15,2,8,255
1,1,15,2,8,128
1,1,15,2,7,255
1,1,15,2,7,128
1,1,15,2,6,255
1,1,15,2,6,128
1,1,15,2,4,168
1,1,15,2,4,167
1,1,15,2,4,160
1,1,15,2,4,128
1,1,15,2,3,255
1,1,15,2,3,128
1,1,15,2,2,255
1,1,15,2,1,255
1,1,15,2,1,254
1,1,15,2,1,128
1,1,15,2,8,256
1,1,15,2,8,383
1,1,15,2,7,383
1,1,15,2,7,382
1,1,15,2,6,383
1,1,15,2,6,382
1,1,15,2,5,383
1,1,15,2,5,382
1,1,15,2,4,256
1,1,15,2,4,383
1,1,15,2,4,382
1,1,15,2,3,258
1,1,15,2,3,380
1,1,15,2,2,256
1,1,15,2,1,381
1,1,15,2,1,256
1,1,16,1,6,127
1,1,16,1,6,0
1,1,16,1,6,1
1,1,16,1,5,0
1,1,16,1,4,0
1,1,16,1,4,1
1,1,16,1,3,127
1,1,16,1,3,0
1,1,16,1,2,0
1,1,16,1,1,0
1,1,16,1,8,255
1,1,16,1,8,128
1,1,16,1,6,255
1,1,16,1,6,128
1,1,16,1,4,255
1,1,16,1,4,128
1,1,16,1,3,255
1,1,16,1,3,128
1,1,16,1,7,380
1,1,16,1,6,383
1,1,16,1,5,383
1,1,16,1,4,383
1,1,16,1,3,383
1,1,16,1,1,383
1,1,16,2,6,0
1,1,16,2,4,127
1,1,16,2,4,0
1,1,16,2,3,127
1,1,16,2,3,0
1,1,16,2,6,128
1,1,16,2,5,254
1,1,16,2,4,128
1,1,16,2,3,255
1,1,16,2,3,128
1,1,16,2,8,383
1,1,16,2,6,381
1,1,16,2,6,383
1,1,16,2,6,382
1,1,16,2,5,383
1,1,16,2,4,383
1,1,16,2,3,256
1,1,16,2,3,383
1,1,17,1,8,0
1,1,17,1,7,0
1,1,17,1,6,127
1,1,17,1,6,0
1,1,17,1,5,127
1,1,17,1,5,0
1,1,17,1,4,126
1,1,17,1,4,127
1,1,17,1,4,0
1,1,17,1,3,127
1,1,17,1,3,0
1,1,17,1,2,0
1,1,17,1,1,0
1,1,17,1,8,255
1,1,17,1,8,128
1,1,17,1,7,255
1,1,17,1,7,128
1,1,17,1,6,255
1,1,17,1,6,128
1,1,17,1,4,151
1,1,17,1,4,150
1,1,17,1,4,237
1,1,17,1,4,144
1,1,17,1,4,143
1,1,17,1,3,255
1,1,17,1,3,254
1,1,17,1,3,128
1,1,17,1,1,255
1,1,17,1,1,128
1,1,17,1,8,383
1,1,17,1,7,256
1,1,17,1,7,383
1,1,17,1,7,382
1,1,17,1,7,381
1,1,17,1,7,372
1,1,17,1,6,256
1,1,17,1,6,383
1,1,17,1,5,383
1,1,17,1,4,256
1,1,17,1,4,383
1,1,17,1,3,256
1,1,17,1,3,383
1,1,17,1,2,383
1,1,17,1,1,383
1,1,17,2,7,0
1,1,17,2,6,0
1,1,17,2,5,127
1,1,17,2,5,119
1,1,17,2,5,117
1,1,17,2,4,0
1,1,17,2,4,1
1,1,17,2,3,127
1,1,17,2,3,0
1,1,17,2,1,0
1,1,17,2,8,255
1,1,17,2,8,128
1,1,17,2,7,128
1,1,17,2,6,255
1,1,17,2,6,128
1,1,17,2,5,129
1,1,17,2,5,144
1,1,17,2,4,237
1,1,17,2,3,255
1,1,17,2,3,254
1,1,17,2,3,128
1,1,17,2,3,129
1,1,17,2,1,128
1,1,17,2,8,383
1,1,17,2,7,383
1,1,17,2,6,383
1,1,17,2,5,383
1,1,17,2,4,256
1,1,17,2,4,383
1,1,17,2,3,256
1,1,17,2,3,383
1,1,17,2,2,256
1,1,17,2,2,383
1,1,17,2,1,383
1,1,18,1,7,0
1,1,18,1,6,0
1,1,18,1,6,1
1,1,18,1,5,0
1,1,18,1,5,1
1,1,18,1,4,127
1,1,18,1,4,0
1,1,18,1,3,127
1,1,18,1,3,0
1,1,18,1,3,2
1,1,18,1,2,127
1,1,18,1,2,0
1,1,18,1,1,127
1,1,18,1,1,0
1,1,18,1,8,255
1,1,18,1,7,255
1,1,18,1,7,128
1,1,18,1,6,255
1,1,18,1,6,128
1,1,18,1,6,146
1,1,18,1,6,147
1,1,18,1,5,255
1,1,18,1,5,128
1,1,18,1,4,255
1,1,18,1,4,128
1,1,18,1,1,255
1,1,18,1,1,128
1,1,18,1,6,383
1,1,18,1,5,383
1,1,18,2,7,0
1,1,18,2,6,0
1,1,18,2,5,0
1,1,18,2,4,127
1,1,18,2,4,0
1,1,18,2,3,127
1,1,18,2,3,0
1,1,18,2,7,255
1,1,18,2,6,128
1,1,18,2,7,383
1,1,18,2,6,256
1,1,18,2,6,383
1,1,18,2,5,383
1,1,18,2,4,257
1,1,18,2,4,256
1,1,18,2,4,383
1,1,18,2,3,256
1,1,18,2,3,383
1,1,18,2,2,383
-1,1,19,1,8,1
-1,1,19,1,7,127
-1,1,19,1,7,0
-1,1,19,1,7,1
-1,1,19,1,6,127
-1,1,19,1,6,0
-1,1,19,1,6,1
-1,1,19,1,4,127
-1,1,19,1,4,0
-1,1,19,1,4,1
-1,1,19,1,3,127
-1,1,19,1,3,0
-1,1,19,1,3,1
-1,1,19,1,2,127
-1,1,19,1,2,0
-1,1,19,1,2,1
-1,1,19,1,1,127
-1,1,19,1,1,0
-1,1,19,1,8,255
-1,1,19,1,8,128
-1,1,19,1,7,255
-1,1,19,1,7,128
-1,1,19,1,6,255
-1,1,19,1,6,128
-1,1,19,1,4,255
-1,1,19,1,4,128
-1,1,19,1,3,255
-1,1,19,1,3,128
-1,1,19,1,2,255
-1,1,19,1,2,128
-1,1,19,1,1,255
-1,1,19,1,1,128
-1,1,19,1,8,256
-1,1,19,1,8,383
-1,1,19,1,8,382
-1,1,19,1,7,383
-1,1,19,1,7,264
-1,1,19,1,6,383
-1,1,19,1,6,382
-1,1,19,1,5,381
-1,1,19,1,4,256
-1,1,19,1,4,383
-1,1,19,1,4,382
-1,1,19,1,3,256
-1,1,19,1,3,383
-1,1,19,1,3,382
-1,1,19,1,2,256
-1,1,19,1,2,383
-1,1,19,1,2,382
-1,1,19,2,8,0
-1,1,19,2,8,1
-1,1,19,2,7,0
-1,1,19,2,7,1
-1,1,19,2,6,0
-1,1,19,2,5,0
-1,1,19,2,4,0
-1,1,19,2,4,1
-1,1,19,2,3,127
-1,1,19,2,3,0
-1,1,19,2,3,1
-1,1,19,2,2,2
-1,1,19,2,2,0
-1,1,19,2,2,1
-1,1,19,2,1,89
-1,1,19,2,1,88
-1,1,19,2,1,38
-1,1,19,2,8,255
-1,1,19,2,7,255
-1,1,19,2,7,128
-1,1,19,2,6,255
-1,1,19,2,6,128
-1,1,19,2,3,255
-1,1,19,2,3,254
-1,1,19,2,3,128
-1,1,19,2,3,129
-1,1,19,2,2,255
-1,1,19,2,1,255
-1,1,19,2,7,383
-1,1,19,2,7,382
-1,1,19,2,7,381
-1,1,19,2,7,380
-1,1,19,2,6,383
-1,1,19,2,5,383
-1,1,19,2,4,256
-1,1,19,2,4,383
-1,1,19,2,3,256
-1,1,19,2,3,383
-1,1,19,2,2,383
-1,1,19,2,1,383
-1,1,20,1,8,0
-1,1,20,1,7,0
-1,1,20,1,6,127
-1,1,20,1,6,0
-1,1,20,1,6,1
-1,1,20,1,5,0
-1,1,20,1,5,1
-1,1,20,1,4,127
-1,1,20,1,4,0
-1,1,20,1,4,1
-1,1,20,1,3,127
-1,1,20,1,3,0
-1,1,20,1,3,1
-1,1,20,1,2,0
-1,1,20,1,8,255
-1,1,20,1,7,255
-1,1,20,1,7,128
-1,1,20,1,7,164
-1,1,20,1,7,166
-1,1,20,1,7,167
-1,1,20,1,6,255
-1,1,20,1,6,128
-1,1,20,1,5,255
-1,1,20,1,5,128
-1,1,20,1,4,128
-1,1,20,1,3,255
-1,1,20,1,3,128
-1,1,20,1,1,255
-1,1,20,1,1,128
-1,1,20,1,8,383
-1,1,20,1,6,313
-1,1,20,1,6,312
-1,1,20,1,6,383
-1,1,20,1,5,383
-1,1,20,1,4,383
-1,1,20,1,3,383
-1,1,20,2,6,0
-1,1,20,2,5,0
-1,1,20,2,4,127
-1,1,20,2,4,0
-1,1,20,2,3,127
-1,1,20,2,3,0
-1,1,20,2,2,127
-1,1,20,2,2,0
-1,1,20,2,1,0
-1,1,20,2,7,255
-1,1,20,2,6,255
-1,1,20,2,6,128
-1,1,20,2,5,128
-1,1,20,2,2,255
-1,1,20,2,1,255
-1,1,20,2,7,383
-1,1,20,2,6,383
-1,1,20,2,5,383
-1,1,20,2,5,382
-1,1,20,2,3,256
-1,1,20,2,3,383
-1,1,21,1,8,0
-1,1,21,1,8,1
-1,1,21,1,7,0
-1,1,21,1,6,0
-1,1,21,1,6,1
-1,1,21,1,5,0
-1,1,21,1,4,0
-1,1,21,1,4,1
-1,1,21,1,3,127
-1,1,21,1,3,0
-1,1,21,1,3,4
-1,1,21,1,3,13
-1,1,21,1,2,127
-1,1,21,1,2,0
-1,1,21,1,2,1
-1,1,21,1,1,55
-1,1,21,1,8,255
-1,1,21,1,7,255
-1,1,21,1,7,128
-1,1,21,1,6,255
-1,1,21,1,6,128
-1,1,21,1,5,128
-1,1,21,1,4,255
-1,1,21,1,4,128
-1,1,21,1,3,255
-1,1,21,1,3,128
-1,1,21,1,2,255
-1,1,21,1,1,255
-1,1,21,1,8,383
-1,1,21,1,8,363
-1,1,21,1,8,361
-1,1,21,1,8,360
-1,1,21,1,7,383
-1,1,21,1,7,382
-1,1,21,1,7,381
-1,1,21,1,6,383
-1,1,21,1,5,382
-1,1,21,1,4,256
-1,1,21,1,4,378
-1,1,21,1,4,262
-1,1,21,1,4,267
-1,1,21,1,4,269
-1,1,21,1,3,256
-1,1,21,1,3,383
-1,1,21,1,2,383
-1,1,21,2,8,0
-1,1,21,2,7,0
-1,1,21,2,7,1
-1,1,21,2,6,127
-1,1,21,2,6,0
-1,1,21,2,6,1
-1,1,21,2,4,0
-1,1,21,2,3,127
-1,1,21,2,3,0
-1,1,21,2,2,0
-1,1,21,2,1,0
-1,1,21,2,8,255
-1,1,21,2,8,128
-1,1,21,2,7,255
-1,1,21,2,6,255
-1,1,21,2,6,128
-1,1,21,2,4,128
-1,1,21,2,3,255
-1,1,21,2,3,254
-1,1,21,2,3,128
-1,1,21,2,1,255
-1,1,21,2,1,128
-1,1,21,2,7,383
-1,1,21,2,7,382
-1,1,21,2,7,354
-1,1,21,2,6,383
-1,1,21,2,5,383
-1,1,21,2,4,383
-1,1,21,2,4,382
-1,1,21,2,3,256
-1,1,21,2,3,383
-1,1,21,2,2,256
-1,1,21,2,2,383
-1,1,22,1,7,127
-1,1,22,1,7,0
-1,1,22,1,6,0
-1,1,22,1,4,127
-1,1,22,1,4,0
-1,1,22,1,3,127
-1,1,22,1,3,0
-1,1,22,1,1,0
-1,1,22,1,7,128
-1,1,22,1,6,128
-1,1,22,1,5,128
-1,1,22,1,4,255
-1,1,22,1,4,128
-1,1,22,1,4,129
-1,1,22,1,1,255
-1,1,22,1,6,383
-1,1,22,1,5,383
-1,1,22,1,5,382
-1,1,22,1,4,383
-1,1,22,1,3,383
-1,1,22,2,6,0
-1,1,22,2,5,0
-1,1,22,2,4,127
-1,1,22,2,4,0
-1,1,22,2,2,0
-1,1,22,2,1,0
-1,1,22,2,7,128
-1,1,22,2,4,255
-1,1,22,2,4,128
-1,1,22,2,1,255
-1,1,22,2,6,383
-1,1,22,2,5,383
-1,1,22,2,4,383
-1,1,22,2,3,383
-1,1,23,1,8,0
-1,1,23,1,7,0
-1,1,23,1,7,1
-1,1,23,1,6,127
-1,1,23,1,6,0
-1,1,23,1,6,1
-1,1,23,1,5,0
-1,1,23,1,5,1
-1,1,23,1,4,127
-1,1,23,1,4,0
-1,1,23,1,4,1
-1,1,23,1,3,127
-1,1,23,1,3,0
-1,1,23,1,3,1
-1,1,23,1,2,125
-1,1,23,1,2,126
-1,1,23,1,2,127
-1,1,23,1,2,0
-1,1,23,1,2,1
-1,1,23,1,1,127
-1,1,23,1,1,0
-1,1,23,1,1,1
-1,1,23,1,8,255
-1,1,23,1,8,128
-1,1,23,1,7,255
-1,1,23,1,7,128
-1,1,23,1,7,129
-1,1,23,1,6,255
-1,1,23,1,6,128
-1,1,23,1,5,255
-1,1,23,1,4,213
-1,1,23,1,4,214
-1,1,23,1,4,168
-1,1,23,1,4,167
-1,1,23,1,4,220
-1,1,23,1,4,221
-1,1,23,1,4,160
-1,1,23,1,4,128
-1,1,23,1,3,255
-1,1,23,1,3,254
-1,1,23,1,3,128
-1,1,23,1,3,129
-1,1,23,1,1,255
-1,1,23,1,1,254
-1,1,23,1,1,128
-1,1,23,1,1,129
-1,1,23,1,8,383
-1,1,23,1,7,383
-1,1,23,1,7,382
-1,1,23,1,6,383
-1,1,23,1,5,383
-1,1,23,1,4,256
-1,1,23,1,4,383
-1,1,23,1,3,256
-1,1,23,1,3,383
-1,1,23,1,3,382
-1,1,23,1,2,256
-1,1,23,1,2,383
-1,1,23,1,1,383
-1,1,23,1,1,382
-1,1,23,2,8,0
-1,1,23,2,7,0
-1,1,23,2,7,1
-1,1,23,2,6,0
-1,1,23,2,5,0
-1,1,23,2,4,127
-1,1,23,2,4,0
-1,1,23,2,4,1
-1,1,23,2,3,127
-1,1,23,2,3,126
-1,1,23,2,3,0
-1,1,23,2,2,0
-1,1,23,2,2,1
-1,1,23,2,1,0
-1,1,23,2,8,255
-1,1,23,2,8,128
-1,1,23,2,7,255
-1,1,23,2,7,128
-1,1,23,2,6,255
-1,1,23,2,6,128
-1,1,23,2,4,255
-1,1,23,2,3,255
-1,1,23,2,3,128
-1,1,23,2,3,129
-1,1,23,2,2,255
-1,1,23,2,2,128
-1,1,23,2,1,255
-1,1,23,2,1,128
-1,1,23,2,8,383
-1,1,23,2,7,383
-1,1,23,2,7,382
-1,1,23,2,6,381
-1,1,23,2,6,383
-1,1,23,2,6,382
-1,1,23,2,5,383
-1,1,23,2,5,382
-1,1,23,2,4,383
-1,1,23,2,4,382
-1,1,23,2,3,256
-1,1,23,2,3,383
-1,1,23,2,3,382
-1,1,23,2,2,383
-1,1,23,2,2,382
-1,1,23,2,1,383
-1,1,24,1,8,0
-1,1,24,1,7,0
-1,1,24,1,6,0
-1,1,24,1,5,0
-1,1,24,1,4,127
-1,1,24,1,4,0
-1,1,24,1,4,1
-1,1,24,1,3,127
-1,1,24,1,3,0
-1,1,24,1,3,1
-1,1,24,1,3,2
-1,1,24,1,3,3
-1,1,24,1,3,4
-1,1,24,1,3,5
-1,1,24,1,3,6
-1,1,24,1,1,127
-1,1,24,1,1,0
-1,1,24,1,8,255
-1,1,24,1,8,128
-1,1,24,1,7,255
-1,1,24,1,7,128
-1,1,24,1,6,255
-1,1,24,1,6,128
-1,1,24,1,5,255
-1,1,24,1,5,128
-1,1,24,1,4,255
-1,1,24,1,4,128
-1,1,24,1,3,255
-1,1,24,1,3,128
-1,1,24,1,2,128
-1,1,24,1,1,255
-1,1,24,1,1,128
-1,1,24,1,1,222
-1,1,24,1,1,221
-1,1,24,1,8,383
-1,1,24,1,7,383
-1,1,24,1,7,382
-1,1,24,1,7,381
-1,1,24,1,6,381
-1,1,24,1,6,383
-1,1,24,1,6,382
-1,1,24,1,5,383
-1,1,24,1,4,256
-1,1,24,1,4,383
-1,1,24,1,4,382
-1,1,24,1,3,381
-1,1,24,1,3,256
-1,1,24,1,3,383
-1,1,24,1,3,382
-1,1,24,1,2,383
-1,1,24,1,1,383
-1,1,24,2,8,0
-1,1,24,2,7,64
-1,1,24,2,7,2
-1,1,24,2,7,127
-1,1,24,2,7,0
-1,1,24,2,7,1
-1,1,24,2,6,127
-1,1,24,2,6,0
-1,1,24,2,6,1
-1,1,24,2,5,127
-1,1,24,2,5,0
-1,1,24,2,5,1
-1,1,24,2,4,127
-1,1,24,2,4,0
-1,1,24,2,4,1
-1,1,24,2,3,127
-1,1,24,2,3,126
-1,1,24,2,3,0
-1,1,24,2,3,1
-1,1,24,2,3,2
-1,1,24,2,2,127
-1,1,24,2,2,0
-1,1,24,2,1,127
-1,1,24,2,1,0
-1,1,24,2,8,255
-1,1,24,2,8,128
-1,1,24,2,7,255
-1,1,24,2,7,128
-1,1,24,2,6,255
-1,1,24,2,6,128
-1,1,24,2,5,255
-1,1,24,2,5,128
-1,1,24,2,4,255
-1,1,24,2,4,128
-1,1,24,2,3,255
-1,1,24,2,3,128
-1,1,24,2,2,255
-1,1,24,2,2,128
-1,1,24,2,1,255
-1,1,24,2,1,128
-1,1,24,2,8,383
-1,1,24,2,7,256
-1,1,24,2,7,383
-1,1,24,2,7,382
-1,1,24,2,6,381
-1,1,24,2,6,256
-1,1,24,2,6,383
-1,1,24,2,6,382
-1,1,24,2,5,381
-1,1,24,2,5,256
-1,1,24,2,5,383
-1,1,24,2,5,382
-1,1,24,2,4,256
-1,1,24,2,4,383
-1,1,24,2,4,382
-1,1,24,2,3,381
-1,1,24,2,3,257
-1,1,24,2,3,256
-1,1,24,2,3,383
-1,1,24,2,3,382
-1,1,24,2,2,256
-1,1,24,2,2,383
-1,1,24,2,2,382
-1,1,24,2,1,256
-1,1,24,2,1,383
1,1,19,1,8,127
1,1,19,1,8,0
1,1,19,1,8,1
1,1,19,1,7,127
1,1,19,1,7,0
1,1,19,1,7,1
1,1,19,1,6,127
1,1,19,1,6,0
1,1,19,1,6,1
1,1,19,1,5,0
1,1,19,1,4,127
1,1,19,1,4,0
1,1,19,1,4,1
1,1,19,1,3,127
1,1,19,1,3,0
1,1,19,1,3,1
1,1,19,1,2,127
1,1,19,1,2,0
1,1,19,1,1,127
1,1,19,1,1,0
1,1,19,1,1,1
1,1,19,1,8,255
1,1,19,1,8,254
1,1,19,1,8,128
1,1,19,1,8,191
1,1,19,1,7,255
1,1,19,1,7,128
1,1,19,1,7,129
1,1,19,1,6,255
1,1,19,1,6,128
1,1,19,1,5,255
1,1,19,1,5,128
1,1,19,1,4,255
1,1,19,1,4,128
1,1,19,1,3,255
1,1,19,1,3,254
1,1,19,1,3,128
1,1,19,1,3,129
1,1,19,1,2,130
1,1,19,1,2,128
1,1,19,1,2,129
1,1,19,1,1,255
1,1,19,1,1,254
1,1,19,1,1,128
1,1,19,1,8,256
1,1,19,1,8,383
1,1,19,1,8,382
1,1,19,1,7,256
1,1,19,1,7,383
1,1,19,1,7,382
1,1,19,1,7,381
1,1,19,1,6,256
1,1,19,1,6,383
1,1,19,1,6,382
1,1,19,1,5,381
1,1,19,1,5,383
1,1,19,1,5,382
1,1,19,1,4,256
1,1,19,1,4,383
1,1,19,1,4,382
1,1,19,1,3,256
1,1,19,1,3,383
1,1,19,1,3,382
1,1,19,1,2,256
1,1,19,1,2,383
1,1,19,1,2,382
1,1,19,1,1,256
1,1,19,1,1,383
1,1,19,1,1,382
1,1,20,1,8,2
1,1,20,1,8,127
1,1,20,1,8,0
1,1,20,1,8,1
1,1,20,1,7,127
1,1,20,1,7,0
1,1,20,1,7,1
1,1,20,1,6,127
1,1,20,1,6,0
1,1,20,1,6,1
1,1,20,1,5,127
1,1,20,1,5,0
1,1,20,1,5,1
1,1,20,1,4,127
1,1,20,1,4,0
1,1,20,1,4,1
1,1,20,1,3,127
1,1,20,1,3,126
1,1,20,1,3,0
1,1,20,1,3,1
1,1,20,1,3,2
1,1,20,1,3,63
1,1,20,1,2,127
1,1,20,1,2,0
1,1,20,1,2,1
1,1,20,1,2,2
1,1,20,1,1,127
1,1,20,1,1,126
1,1,20,1,1,0
1,1,20,1,1,1
1,1,20,1,1,101
1,1,20,1,1,95
1,1,20,1,1,63
1,1,20,1,8,255
1,1,20,1,8,128
1,1,20,1,8,191
1,1,20,1,7,255
1,1,20,1,7,128
1,1,20,1,6,255
1,1,20,1,6,128
1,1,20,1,5,255
1,1,20,1,5,128
1,1,20,1,4,255
1,1,20,1,4,128
1,1,20,1,3,255
1,1,20,1,3,128
1,1,20,1,2,255
1,1,20,1,2,254
1,1,20,1,2,128
1,1,20,1,1,255
1,1,20,1,1,128
1,1,20,1,8,256
1,1,20,1,8,383
1,1,20,1,8,382
1,1,20,1,7,256
1,1,20,1,7,383
1,1,20,1,7,382
1,1,20,1,6,256
1,1,20,1,6,383
1,1,20,1,6,382
1,1,20,1,5,379
1,1,20,1,5,257
1,1,20,1,5,256
1,1,20,1,5,383
1,1,20,1,5,382
1,1,20,1,4,379
1,1,20,1,4,378
1,1,20,1,4,257
1,1,20,1,4,256
1,1,20,1,3,381
1,1,20,1,3,257
1,1,20,1,3,256
1,1,20,1,3,383
1,1,20,1,3,382
1,1,20,1,2,256
1,1,20,1,2,383
1,1,20,1,2,382
1,1,20,1,1,256
1,1,20,1,1,383
1,1,20,1,1,382
1,1,20,2,1,127
1,1,20,2,1,126
1,1,20,2,1,0
1,1,20,2,8,255
1,1,20,2,7,255
1,1,20,2,7,128
1,1,20,2,6,255
1,1,20,2,6,128
1,1,20,2,6,129
1,1,20,2,5,255
1,1,20,2,5,128
1,1,20,2,5,129
1,1,20,2,4,255
1,1,20,2,4,128
1,1,20,2,4,129
1,1,20,2,3,255
1,1,20,2,3,254
1,1,20,2,3,128
1,1,20,2,3,129
1,1,20,2,2,255
1,1,20,2,2,128
1,1,20,2,2,129
1,1,20,2,1,162
1,1,20,2,1,166
1,1,20,2,7,256
1,1,20,2,7,383
1,1,20,2,7,382
1,1,20,2,6,319
1,1,20,2,6,330
1,1,20,2,6,337
1,1,20,2,6,364
1,1,20,2,4,383
1,1,20,2,3,383
1,1,20,2,1,383
1,1,21,1,8,2
1,1,21,1,8,0
1,1,21,1,8,1
1,1,21,1,7,0
1,1,21,1,7,1
1,1,21,1,6,127
1,1,21,1,6,0
1,1,21,1,6,1
1,1,21,1,5,0
1,1,21,1,4,0
1,1,21,1,4,1
1,1,21,1,3,127
1,1,21,1,3,0
1,1,21,1,2,127
1,1,21,1,2,0
1,1,21,1,2,1
1,1,21,1,1,0
1,1,21,1,8,255
1,1,21,1,8,128
1,1,21,1,7,255
1,1,21,1,7,128
1,1,21,1,6,255
1,1,21,1,6,128
1,1,21,1,5,128
1,1,21,1,4,255
1,1,21,1,4,128
1,1,21,1,3,255
1,1,21,1,3,254
1,1,21,1,3,128
1,1,21,1,2,255
1,1,21,1,1,255
1,1,21,1,1,128
1,1,21,1,8,383
1,1,21,1,7,256
1,1,21,1,7,383
1,1,21,1,7,382
1,1,21,1,6,256
1,1,21,1,6,383
1,1,21,1,6,382
1,1,21,1,5,383
1,1,21,1,5,382
1,1,21,1,4,256
1,1,21,1,4,383
1,1,21,1,4,382
1,1,21,1,3,256
1,1,21,1,3,383
1,1,21,1,2,256
1,1,21,1,2,383
1,1,21,1,1,373
1,1,21,1,1,379
1,1,21,1,1,382
1,1,21,2,8,74
1,1,21,2,8,75
1,1,21,2,8,0
1,1,21,2,7,0
1,1,21,2,6,127
1,1,21,2,6,0
1,1,21,2,5,0
1,1,21,2,4,6
1,1,21,2,4,126
1,1,21,2,4,127
1,1,21,2,3,127
1,1,21,2,3,0
1,1,21,2,3,1
1,1,21,2,2,0
1,1,21,2,1,127
1,1,21,2,1,124
1,1,21,2,1,7
1,1,21,2,7,128
1,1,21,2,6,255
1,1,21,2,6,128
1,1,21,2,3,255
1,1,21,2,3,254
1,1,21,2,3,128
1,1,21,2,3,129
1,1,21,2,8,383
1,1,21,2,7,383
1,1,21,2,6,383
1,1,21,2,5,381
1,1,21,2,5,383
1,1,21,2,5,382
1,1,21,2,4,383
1,1,21,2,3,256
1,1,21,2,3,383
1,1,21,2,2,383
1,1,21,2,1,383
1,1,22,1,8,0
1,1,22,1,7,0
1,1,22,1,6,127
1,1,22,1,6,0
1,1,22,1,5,0
1,1,22,1,4,127
1,1,22,1,4,0
1,1,22,1,4,1
1,1,22,1,3,127
1,1,22,1,3,126
1,1,22,1,3,0
1,1,22,1,3,1
1,1,22,1,2,127
1,1,22,1,2,0
1,1,22,1,1,0
1,1,22,1,8,255
1,1,22,1,8,128
1,1,22,1,7,255
1,1,22,1,7,128
1,1,22,1,6,255
1,1,22,1,6,128
1,1,22,1,5,255
1,1,22,1,4,255
1,1,22,1,4,128
1,1,22,1,3,255
1,1,22,1,3,128
1,1,22,1,2,255
1,1,22,1,2,128
1,1,22,1,1,255
1,1,22,1,1,128
1,1,22,1,1,129
1,1,22,1,7,383
1,1,22,1,6,383
1,1,22,1,6,382
1,1,22,1,5,383
1,1,22,1,4,256
1,1,22,1,4,383
1,1,22,1,4,382
1,1,22,1,3,256
1,1,22,1,3,383
1,1,22,1,2,383
1,1,22,1,1,366
1,1,22,2,7,0
1,1,22,2,6,127
1,1,22,2,6,0
1,1,22,2,6,93
1,1,22,2,5,0
1,1,22,2,4,127
1,1,22,2,4,0
1,1,22,2,3,127
1,1,22,2,3,0
1,1,22,2,3,1
1,1,22,2,2,127
1,1,22,2,2,0
1,1,22,2,1,0
1,1,22,2,8,255
1,1,22,2,8,128
1,1,22,2,8,195
1,1,22,2,8,194
1,1,22,2,6,255
1,1,22,2,6,128
1,1,22,2,5,129
1,1,22,2,4,255
1,1,22,2,4,128
1,1,22,2,3,255
1,1,22,2,3,128
1,1,22,2,1,255
1,1,22,2,1,128
1,1,22,2,6,381
1,1,22,2,6,383
1,1,22,2,6,382
1,1,22,2,5,381
1,1,22,2,5,380
1,1,22,2,4,278
1,1,22,2,4,377
1,1,22,2,4,258
1,1,22,2,3,256
1,1,22,2,3,383
1,1,22,2,2,383
1,1,22,2,1,383
1,1,23,1,8,110
1,1,23,1,8,0
1,1,23,1,7,0
1,1,23,1,6,0
1,1,23,1,5,0
1,1,23,1,4,127
1,1,23,1,4,0
1,1,23,1,4,1
1,1,23,1,3,127
1,1,23,1,3,0
1,1,23,1,3,1
1,1,23,1,2,2
1,1,23,1,2,0
1,1,23,1,2,1
1,1,23,1,1,127
1,1,23,1,1,2
1,1,23,1,8,255
1,1,23,1,8,128
1,1,23,1,7,255
1,1,23,1,7,128
1,1,23,1,6,255
1,1,23,1,6,128
1,1,23,1,4,255
1,1,23,1,4,128
1,1,23,1,3,255
1,1,23,1,3,254
1,1,23,1,3,128
1,1,23,1,2,254
1,1,23,1,2,255
1,1,23,1,2,128
1,1,23,1,1,255
1,1,23,1,1,128
1,1,23,1,6,383
1,1,23,1,5,383
1,1,23,1,4,256
1,1,23,1,4,383
1,1,23,1,4,382
1,1,23,1,3,379
1,1,23,1,2,256
1,1,23,1,2,377
1,1,23,1,1,383
1,1,23,2,8,2
1,1,23,2,8,127
1,1,23,2,8,1
1,1,23,2,7,2
1,1,23,2,7,127
1,1,23,2,7,0
1,1,23,2,7,1
1,1,23,2,6,127
1,1,23,2,6,0
1,1,23,2,6,1
1,1,23,2,5,0
1,1,23,2,4,2
1,1,23,2,4,127
1,1,23,2,4,0
1,1,23,2,4,1
1,1,23,2,3,127
1,1,23,2,3,2
1,1,23,2,2,43
1,1,23,2,2,95
1,1,23,2,2,101
1,1,23,2,2,104
1,1,23,2,2,4
1,1,23,2,2,3
1,1,23,2,2,127
1,1,23,2,1,3
1,1,23,2,8,255
1,1,23,2,8,128
1,1,23,2,8,183
1,1,23,2,8,182
1,1,23,2,8,191
1,1,23,2,7,255
1,1,23,2,7,128
1,1,23,2,7,191
1,1,23,2,6,255
1,1,23,2,6,128
1,1,23,2,6,191
1,1,23,2,5,255
1,1,23,2,4,255
1,1,23,2,4,128
1,1,23,2,3,255
1,1,23,2,3,254
1,1,23,2,3,128
1,1,23,2,3,129
1,1,23,2,3,253
1,1,23,2,2,255
1,1,23,2,2,128
1,1,23,2,1,255
1,1,23,2,1,254
1,1,23,2,1,128
1,1,23,2,1,129
1,1,23,2,1,191
1,1,23,2,8,256
1,1,23,2,8,383
1,1,23,2,7,256
1,1,23,2,7,383
1,1,23,2,7,382
1,1,23,2,6,381
1,1,23,2,6,257
1,1,23,2,5,301
1,1,23,2,5,383
1,1,23,2,4,256
1,1,23,2,4,383
1,1,23,2,4,382
1,1,23,2,3,265
1,1,23,2,3,260
1,1,23,2,3,381
1,1,23,2,3,256
1,1,23,2,3,383
1,1,23,2,3,382
1,1,23,2,2,256
1,1,23,2,2,257
1,1,23,2,2,383
1,1,23,2,2,258
1,1,23,2,2,374
1,1,23,2,1,273
1,1,23,2,1,371
1,1,23,2,1,372
1,1,23,2,1,256
1,1,23,2,1,383
1,1,23,2,1,382
1,1,24,1,8,20
1,1,24,1,8,0
1,1,24,1,7,0
1,1,24,1,7,1
1,1,24,1,6,127
1,1,24,1,6,0
1,1,24,1,5,127
1,1,24,1,5,0
1,1,24,1,5,1
1,1,24,1,4,127
1,1,24,1,4,0
1,1,24,1,3,127
1,1,24,1,3,126
1,1,24,1,3,0
1,1,24,1,3,1
1,1,24,1,2,127
1,1,24,1,2,126
1,1,24,1,2,0
1,1,24,1,2,1
1,1,24,1,1,127
1,1,24,1,1,126
1,1,24,1,1,0
1,1,24,1,1,1
1,1,24,1,8,255
1,1,24,1,8,128
1,1,24,1,8,249
1,1,24,1,8,248
1,1,24,1,7,255
1,1,24,1,7,128
1,1,24,1,7,129
1,1,24,1,6,255
1,1,24,1,6,128
1,1,24,1,5,255
1,1,24,1,5,128
1,1,24,1,4,255
1,1,24,1,4,128
1,1,24,1,3,255
1,1,24,1,3,128
1,1,24,1,2,255
1,1,24,1,2,128
1,1,24,1,1,255
1,1,24,1,1,254
1,1,24,1,1,128
1,1,24,1,8,383
1,1,24,1,8,278
1,1,24,1,8,279
1,1,24,1,7,256
1,1,24,1,7,383
1,1,24,1,6,383
1,1,24,1,6,382
1,1,24,1,5,381
1,1,24,1,5,383
1,1,24,1,5,382
1,1,24,1,4,381
1,1,24,1,4,256
1,1,24,1,4,383
1,1,24,1,4,382
1,1,24,1,3,256
1,1,24,1,3,383
1,1,24,1,3,382
1,1,24,1,2,383
1,1,24,1,1,256
1,1,24,1,1,383
1,1,24,1,1,382
1,1,24,2,8,29
1,1,24,2,8,28
1,1,24,2,8,0
1,1,24,2,7,127
1,1,24,2,7,0
1,1,24,2,7,1
1,1,24,2,6,127
1,1,24,2,6,0
1,1,24,2,6,1
1,1,24,2,5,127
1,1,24,2,5,0
1,1,24,2,5,1
1,1,24,2,4,127
1,1,24,2,4,0
1,1,24,2,4,1
1,1,24,2,3,127
1,1,24,2,3,126
1,1,24,2,3,0
1,1,24,2,3,1
1,1,24,2,3,2
1,1,24,2,3,63
1,1,24,2,2,127
1,1,24,2,2,126
1,1,24,2,2,0
1,1,24,2,2,1
1,1,24,2,1,0
1,1,24,2,8,255
1,1,24,2,8,128
1,1,24,2,7,255
1,1,24,2,7,128
1,1,24,2,6,255
1,1,24,2,6,128
1,1,24,2,5,255
1,1,24,2,5,128
1,1,24,2,1,245
1,1,24,2,1,243
1,1,24,2,1,166
1,1,24,2,8,383
1,1,24,2,8,362
1,1,24,2,7,256
1,1,24,2,7,383
1,1,24,2,6,381
1,1,24,2,6,256
1,1,24,2,6,383
1,1,24,2,6,382
1,1,24,2,5,381
1,1,24,2,5,256
1,1,24,2,5,383
1,1,24,2,5,382
1,1,24,2,4,319
1,1,24,2,4,381
1,1,24,2,4,257
1,1,24,2,4,256
1,1,24,2,4,383
1,1,24,2,4,382
1,1,24,2,3,377
1,1,24,2,3,379
1,1,24,2,3,258
1,1,24,2,3,381
1,1,24,2,3,380
1,1,24,2,3,257
1,1,24,2,3,256
1,1,24,2,3,383
1,1,24,2,3,382
1,1,24,2,2,256
1,1,24,2,2,383
1,1,24,2,2,382
1,1,24,2,1,320
1,1,24,2,1,324
1,1,24,2,1,326
1,1,24,2,1,340
1,1,24,2,1,343
1,1,24,2,1,286
1,1,24,2,1,282
-1,1,25,1,8,0
-1,1,25,1,7,0
-1,1,25,1,6,127
-1,1,25,1,6,0
-1,1,25,1,6,1
-1,1,25,1,4,127
-1,1,25,1,4,0
-1,1,25,1,4,1
-1,1,25,1,3,127
-1,1,25,1,3,0
-1,1,25,1,2,0
-1,1,25,1,1,0
-1,1,25,1,8,255
-1,1,25,1,8,128
-1,1,25,1,7,255
-1,1,25,1,7,128
-1,1,25,1,6,255
-1,1,25,1,6,128
-1,1,25,1,4,168
-1,1,25,1,4,167
-1,1,25,1,4,160
-1,1,25,1,4,128
-1,1,25,1,3,255
-1,1,25,1,3,128
-1,1,25,1,3,129
-1,1,25,1,1,255
-1,1,25,1,1,128
-1,1,25,1,7,383
-1,1,25,1,6,383
-1,1,25,1,5,383
-1,1,25,1,4,256
-1,1,25,1,4,383
-1,1,25,1,4,382
-1,1,25,1,3,256
-1,1,25,1,3,383
-1,1,25,1,3,382
-1,1,25,1,2,256
-1,1,25,1,2,383
-1,1,25,1,1,383
-1,1,27,1,7,0
-1,1,27,1,6,127
-1,1,27,1,6,126
-1,1,27,1,6,0
-1,1,27,1,6,1
-1,1,27,1,4,127
-1,1,27,1,4,0
-1,1,27,1,4,1
-1,1,27,1,3,127
-1,1,27,1,3,0
-1,1,27,1,3,1
-1,1,27,1,2,0
-1,1,27,1,2,1
-1,1,27,1,1,127
-1,1,27,1,1,0
-1,1,27,1,8,255
-1,1,27,1,8,128
-1,1,27,1,7,255
-1,1,27,1,7,254
-1,1,27,1,7,128
-1,1,27,1,6,255
-1,1,27,1,6,128
-1,1,27,1,5,142
-1,1,27,1,5,144
-1,1,27,1,5,152
-1,1,27,1,5,154
-1,1,27,1,4,128
-1,1,27,1,3,255
-1,1,27,1,3,254
-1,1,27,1,3,128
-1,1,27,1,2,255
-1,1,27,1,2,128
-1,1,27,1,1,255
-1,1,27,1,1,128
-1,1,27,1,8,383
-1,1,27,1,7,383
-1,1,27,1,6,383
-1,1,27,1,4,256
-1,1,27,1,4,383
-1,1,27,1,4,382
-1,1,27,1,3,256
-1,1,27,1,3,383
-1,1,27,1,2,256
-1,1,27,1,2,383
-1,1,27,1,1,383
-1,1,27,2,8,0
-1,1,27,2,1,127
-1,1,27,2,1,0
-1,1,27,2,1,1
-1,1,27,2,1,17
-1,1,27,2,1,18
-1,1,27,2,8,255
-1,1,27,2,8,128
-1,1,27,2,7,255
-1,1,27,2,7,128
-1,1,27,2,7,129
-1,1,27,2,6,255
-1,1,27,2,6,128
-1,1,27,2,6,129
-1,1,27,2,4,128
-1,1,27,2,3,255
-1,1,27,2,3,254
-1,1,27,2,3,128
-1,1,27,2,2,128
-1,1,27,2,1,255
-1,1,27,2,1,128
-1,1,27,2,7,256
-1,1,27,2,7,383
-1,1,27,2,7,382
-1,1,27,2,6,383
-1,1,27,2,6,382
-1,1,27,2,5,383
-1,1,27,2,4,256
-1,1,27,2,4,383
-1,1,27,2,4,382
-1,1,27,2,3,256
-1,1,27,2,3,383
-1,1,27,2,3,382
-1,1,27,2,2,256
-1,1,27,2,2,383
-1,1,27,2,1,383
-1,1,28,1,6,0
-1,1,28,1,5,0
-1,1,28,1,5,1
-1,1,28,1,5,2
-1,1,28,1,5,3
-1,1,28,1,5,6
-1,1,28,1,5,7
-1,1,28,1,4,127
-1,1,28,1,4,0
-1,1,28,1,3,127
-1,1,28,1,3,0
-1,1,28,1,2,0
-1,1,28,1,1,0
-1,1,28,1,4,128
-1,1,28,1,3,255
-1,1,28,1,2,225
-1,1,28,1,6,383
-1,1,28,1,6,382
-1,1,28,1,5,383
-1,1,28,1,5,382
-1,1,28,1,4,383
-1,1,28,1,3,383
-1,1,28,2,6,0
-1,1,28,2,5,0
-1,1,28,2,4,0
-1,1,28,2,3,127
-1,1,28,2,3,0
-1,1,28,2,2,127
-1,1,28,2,2,0
-1,1,28,2,1,110
-1,1,28,2,1,16
-1,1,28,2,7,128
-1,1,28,2,6,128
-1,1,28,2,4,128
-1,1,28,2,3,255
-1,1,28,2,1,255
-1,1,28,2,6,383
-1,1,28,2,5,383
-1,1,28,2,4,383
-1,1,28,2,3,383
-1,1,29,1,8,2
-1,1,29,1,8,127
-1,1,29,1,8,0
-1,1,29,1,8,1
-1,1,29,1,7,2
-1,1,29,1,7,127
-1,1,29,1,7,0
-1,1,29,1,7,1
-1,1,29,1,6,127
-1,1,29,1,6,0
-1,1,29,1,6,1
-1,1,29,1,5,127
-1,1,29,1,5,0
-1,1,29,1,5,1
-1,1,29,1,4,2
-1,1,29,1,4,127
-1,1,29,1,4,0
-1,1,29,1,4,1
-1,1,29,1,3,127
-1,1,29,1,3,0
-1,1,29,1,3,1
-1,1,29,1,2,2
-1,1,29,1,2,126
-1,1,29,1,2,127
-1,1,29,1,2,0
-1,1,29,1,2,1
-1,1,29,1,1,127
-1,1,29,1,1,0
-1,1,29,1,1,1
-1,1,29,1,1,2
-1,1,29,1,8,255
-1,1,29,1,8,128
-1,1,29,1,8,129
-1,1,29,1,8,191
-1,1,29,1,4,255
-1,1,29,1,4,128
-1,1,29,1,3,255
-1,1,29,1,3,254
-1,1,29,1,3,128
-1,1,29,1,3,129
-1,1,29,1,3,253
-1,1,29,1,3,191
-1,1,29,1,2,255
-1,1,29,1,2,128
-1,1,29,1,2,129
-1,1,29,1,1,255
-1,1,29,1,1,254
-1,1,29,1,1,128
-1,1,29,1,1,129
-1,1,29,1,1,253
-1,1,29,1,1,191
-1,1,29,1,8,256
-1,1,29,1,8,383
-1,1,29,1,8,382
-1,1,29,1,1,371
-1,1,29,1,1,381
-1,1,29,1,1,256
-1,1,29,1,1,383
-1,1,29,1,1,382
-1,1,29,2,8,0
-1,1,29,2,7,0
-1,1,29,2,7,1
-1,1,29,2,6,127
-1,1,29,2,6,0
-1,1,29,2,6,1
-1,1,29,2,5,127
-1,1,29,2,5,0
-1,1,29,2,4,127
-1,1,29,2,4,0
-1,1,29,2,4,1
-1,1,29,2,3,127
-1,1,29,2,3,0
-1,1,29,2,3,1
-1,1,29,2,2,0
-1,1,29,2,1,127
-1,1,29,2,1,0
-1,1,29,2,8,255
-1,1,29,2,8,128
-1,1,29,2,7,255
-1,1,29,2,7,128
-1,1,29,2,7,129
-1,1,29,2,6,255
-1,1,29,2,6,128
-1,1,29,2,4,168
-1,1,29,2,3,255
-1,1,29,2,3,254
-1,1,29,2,3,128
-1,1,29,2,2,255
-1,1,29,2,2,128
-1,1,29,2,1,255
-1,1,29,2,1,128
-1,1,29,2,8,256
-1,1,29,2,8,383
-1,1,29,2,8,382
-1,1,29,2,8,362
-1,1,29,2,8,356
-1,1,29,2,8,354
-1,1,29,2,7,256
-1,1,29,2,7,383
-1,1,29,2,7,382
-1,1,29,2,6,256
-1,1,29,2,6,383
-1,1,29,2,6,382
-1,1,29,2,5,381
-1,1,29,2,5,383
-1,1,29,2,5,382
-1,1,29,2,4,383
-1,1,29,2,4,301
-1,1,29,2,3,256
-1,1,29,2,3,383
-1,1,29,2,3,382
-1,1,29,2,2,256
-1,1,29,2,2,383
-1,1,29,2,1,256
-1,1,29,2,1,383
-1,1,29,2,1,382
-1,1,30,1,5,0
-1,1,30,1,4,127
-1,1,30,1,4,0
-1,1,30,1,3,127
-1,1,30,1,3,0
-1,1,30,1,2,6
-1,1,30,1,2,119
-1,1,30,1,1,119
-1,1,30,1,1,118
-1,1,30,1,4,128
-1,1,30,1,3,255
-1,1,30,1,6,383
-1,1,30,1,5,383
-1,1,30,1,4,383
-1,1,30,1,1,286
-1,1,30,2,6,0
-1,1,30,2,6,1
-1,1,30,2,5,0
-1,1,30,2,4,127
-1,1,30,2,4,0
-1,1,30,2,3,127
-1,1,30,2,3,0
-1,1,30,2,2,127
-1,1,30,2,2,0
-1,1,30,2,4,128
-1,1,30,2,3,255
-1,1,30,2,3,173
-1,1,30,2,3,209
-1,1,30,2,6,383
-1,1,30,2,5,274
-1,1,30,2,5,273
-1,1,30,2,5,272
-1,1,30,2,5,271
-1,1,30,2,5,383
-1,1,30,2,4,383
-1,1,30,2,3,256
-1,1,30,2,3,383
1,1,25,1,8,0
1,1,25,1,7,127
1,1,25,1,7,0
1,1,25,1,6,127
1,1,25,1,6,0
1,1,25,1,5,127
1,1,25,1,5,0
1,1,25,1,5,119
1,1,25,1,5,117
1,1,25,1,4,127
1,1,25,1,4,0
1,1,25,1,4,1
1,1,25,1,3,127
1,1,25,1,3,0
1,1,25,1,2,127
1,1,25,1,2,0
1,1,25,1,1,0
1,1,25,1,1,1
1,1,25,1,1,2
1,1,25,1,7,255
1,1,25,1,7,128
1,1,25,1,6,255
1,1,25,1,6,128
1,1,25,1,5,129
1,1,25,1,5,142
1,1,25,1,5,144
1,1,25,1,5,152
1,1,25,1,5,154
1,1,25,1,4,255
1,1,25,1,4,128
1,1,25,1,3,255
1,1,25,1,3,254
1,1,25,1,3,128
1,1,25,1,3,129
1,1,25,1,1,255
1,1,25,1,1,128
1,1,25,1,8,256
1,1,25,1,8,383
1,1,25,1,8,382
1,1,25,1,7,383
1,1,25,1,6,256
1,1,25,1,6,383
1,1,25,1,5,259
1,1,25,1,5,383
1,1,25,1,4,256
1,1,25,1,4,383
1,1,25,1,3,256
1,1,25,1,3,383
1,1,25,1,2,256
1,1,25,1,2,383
1,1,25,1,1,329
1,1,25,1,1,383
1,1,25,2,8,0
1,1,25,2,8,1
1,1,25,2,7,0
1,1,25,2,7,1
1,1,25,2,6,0
1,1,25,2,4,0
1,1,25,2,3,127
1,1,25,2,3,0
1,1,25,2,2,0
1,1,25,2,2,1
1,1,25,2,1,0
1,1,25,2,7,255
1,1,25,2,7,128
1,1,25,2,6,255
1,1,25,2,6,128
1,1,25,2,5,129
1,1,25,2,5,142
1,1,25,2,5,144
1,1,25,2,5,154
1,1,25,2,3,255
1,1,25,2,3,128
1,1,25,2,1,255
1,1,25,2,8,383
1,1,25,2,7,383
1,1,25,2,6,315
1,1,25,2,6,314
1,1,25,2,6,383
1,1,25,2,4,383
1,1,25,2,3,256
1,1,25,2,3,383
1,1,25,2,1,383
1,1,26,1,6,0
1,1,26,1,6,1
1,1,26,1,5,0
1,1,26,1,4,127
1,1,26,1,4,0
1,1,26,1,8,255
1,1,26,1,8,128
1,1,26,1,7,255
1,1,26,1,7,128
1,1,26,1,6,255
1,1,26,1,6,128
1,1,26,1,4,128
1,1,26,1,3,255
1,1,26,1,3,128
1,1,26,1,6,383
1,1,26,1,6,382
1,1,26,1,5,383
1,1,26,1,4,256
1,1,26,1,4,383
1,1,26,1,3,383
1,1,26,2,8,109
1,1,26,2,8,110
1,1,26,2,8,0
1,1,26,2,7,0
1,1,26,2,6,127
1,1,26,2,6,0
1,1,26,2,5,0
1,1,26,2,4,0
1,1,26,2,3,127
1,1,26,2,3,0
1,1,26,2,1,0
1,1,26,2,1,119
1,1,26,2,8,255
1,1,26,2,8,128
1,1,26,2,7,255
1,1,26,2,7,128
1,1,26,2,6,255
1,1,26,2,6,128
1,1,26,2,6,185
1,1,26,2,6,184
1,1,26,2,4,128
1,1,26,2,3,255
1,1,26,2,3,128
1,1,26,2,6,383
1,1,26,2,6,382
1,1,26,2,5,383
1,1,26,2,4,257
1,1,26,2,4,256
1,1,26,2,4,383
1,1,26,2,4,382
1,1,26,2,3,383
1,1,27,1,8,0
1,1,27,1,8,1
1,1,27,1,7,0
1,1,27,1,6,127
1,1,27,1,6,0
1,1,27,1,6,1
1,1,27,1,6,4
1,1,27,1,6,6
1,1,27,1,6,13
1,1,27,1,5,127
1,1,27,1,5,0
1,1,27,1,4,0
1,1,27,1,4,1
1,1,27,1,3,127
1,1,27,1,3,0
1,1,27,1,3,1
1,1,27,1,2,127
1,1,27,1,1,127
1,1,27,1,1,69
1,1,27,1,1,62
1,1,27,1,8,255
1,1,27,1,8,128
1,1,27,1,7,255
1,1,27,1,7,128
1,1,27,1,6,255
1,1,27,1,6,128
1,1,27,1,6,129
1,1,27,1,5,128
1,1,27,1,5,129
1,1,27,1,4,128
1,1,27,1,3,255
1,1,27,1,3,254
1,1,27,1,3,128
1,1,27,1,3,129
1,1,27,1,2,128
1,1,27,1,1,255
1,1,27,1,1,128
1,1,27,1,8,256
1,1,27,1,8,383
1,1,27,1,8,382
1,1,27,1,8,381
1,1,27,1,8,350
1,1,27,1,7,256
1,1,27,1,7,383
1,1,27,1,7,382
1,1,27,1,7,380
1,1,27,1,6,381
1,1,27,1,6,256
1,1,27,1,6,383
1,1,27,1,6,382
1,1,27,1,5,379
1,1,27,1,4,256
1,1,27,1,4,381
1,1,27,1,3,256
1,1,27,1,3,383
1,1,27,1,3,382
1,1,27,1,2,256
1,1,27,1,2,383
1,1,27,1,1,256
1,1,27,1,1,383
1,1,27,1,1,382
1,1,27,2,8,0
1,1,27,2,7,0
1,1,27,2,7,1
1,1,27,2,6,127
1,1,27,2,6,2
1,1,27,2,4,127
1,1,27,2,4,0
1,1,27,2,4,1
1,1,27,2,3,127
1,1,27,2,3,0
1,1,27,2,2,127
1,1,27,2,2,0
1,1,27,2,8,255
1,1,27,2,8,128
1,1,27,2,7,255
1,1,27,2,7,128
1,1,27,2,6,255
1,1,27,2,6,128
1,1,27,2,4,213
1,1,27,2,3,255
1,1,27,2,3,128
1,1,27,2,1,255
1,1,27,2,1,128
1,1,27,2,7,383
1,1,27,2,6,383
1,1,27,2,5,383
1,1,27,2,4,256
1,1,27,2,4,383
1,1,27,2,3,256
1,1,27,2,3,383
1,1,27,2,2,256
1,1,27,2,2,383
1,1,27,2,1,383
1,1,28,1,8,0
1,1,28,1,7,0
1,1,28,1,6,0
1,1,28,1,5,0
1,1,28,1,4,127
1,1,28,1,4,0
1,1,28,1,4,1
1,1,28,1,3,127
1,1,28,1,3,0
1,1,28,1,1,127
1,1,28,1,1,0
1,1,28,1,7,255
1,1,28,1,7,128
1,1,28,1,4,255
1,1,28,1,4,128
1,1,28,1,3,255
1,1,28,1,3,128
1,1,28,1,1,255
1,1,28,1,1,128
1,1,28,1,8,383
1,1,28,1,7,383
1,1,28,1,6,383
1,1,28,1,5,383
1,1,28,1,4,383
1,1,28,1,3,383
1,1,28,1,1,383
1,1,28,2,8,0
1,1,28,2,7,0
1,1,28,2,6,127
1,1,28,2,6,0
1,1,28,2,4,127
1,1,28,2,4,0
1,1,28,2,3,127
1,1,28,2,3,0
1,1,28,2,2,105
1,1,28,2,2,104
1,1,28,2,1,117
1,1,28,2,8,128
1,1,28,2,8,194
1,1,28,2,8,188
1,1,28,2,7,255
1,1,28,2,7,128
1,1,28,2,3,255
1,1,28,2,1,128
1,1,28,2,8,284
1,1,28,2,8,285
1,1,28,2,7,383
1,1,28,2,6,383
1,1,28,2,5,382
1,1,28,2,4,383
1,1,28,2,1,383
1,1,29,1,8,2
1,1,29,1,8,127
1,1,29,1,8,0
1,1,29,1,8,1
1,1,29,1,7,127
1,1,29,1,7,0
1,1,29,1,7,1
1,1,29,1,6,127
1,1,29,1,6,0
1,1,29,1,6,1
1,1,29,1,5,127
1,1,29,1,5,0
1,1,29,1,5,119
1,1,29,1,5,117
1,1,29,1,4,2
1,1,29,1,4,127
1,1,29,1,4,0
1,1,29,1,4,1
1,1,29,1,3,127
1,1,29,1,3,0
1,1,29,1,3,1
1,1,29,1,2,2
1,1,29,1,2,127
1,1,29,1,2,0
1,1,29,1,2,1
1,1,29,1,1,127
1,1,29,1,1,0
1,1,29,1,1,1
1,1,29,1,8,255
1,1,29,1,8,128
1,1,29,1,7,255
1,1,29,1,7,128
1,1,29,1,6,255
1,1,29,1,6,128
1,1,29,1,5,129
1,1,29,1,5,142
1,1,29,1,5,144
1,1,29,1,5,232
1,1,29,1,5,154
1,1,29,1,4,255
1,1,29,1,4,128
1,1,29,1,3,255
1,1,29,1,3,254
1,1,29,1,3,128
1,1,29,1,3,129
1,1,29,1,2,255
1,1,29,1,2,128
1,1,29,1,1,255
1,1,29,1,1,254
1,1,29,1,1,128
1,1,29,1,8,256
1,1,29,1,8,383
1,1,29,1,8,382
1,1,29,1,7,256
1,1,29,1,7,383
1,1,29,1,7,382
1,1,29,1,6,381
1,1,29,1,6,256
1,1,29,1,6,383
1,1,29,1,6,382
1,1,29,1,5,383
1,1,29,1,4,256
1,1,29,1,4,383
1,1,29,1,4,382
1,1,29,1,3,381
1,1,29,1,3,256
1,1,29,1,3,383
1,1,29,1,3,382
1,1,29,1,2,256
1,1,29,1,2,383
1,1,29,1,2,382
1,1,29,1,2,381
1,1,29,1,1,381
1,1,29,1,1,256
1,1,29,1,1,383
1,1,29,1,1,382
1,1,29,2,8,0
1,1,29,2,8,1
1,1,29,2,7,127
1,1,29,2,7,0
1,1,29,2,7,1
1,1,29,2,6,0
1,1,29,2,5,0
1,1,29,2,4,127
1,1,29,2,4,0
1,1,29,2,4,1
1,1,29,2,3,127
1,1,29,2,3,1
1,1,29,2,3,2
1,1,29,2,2,2
1,1,29,2,2,0
1,1,29,2,2,1
1,1,29,2,1,0
1,1,29,2,8,255
1,1,29,2,8,128
1,1,29,2,7,255
1,1,29,2,6,255
1,1,29,2,6,128
1,1,29,2,4,168
1,1,29,2,4,167
1,1,29,2,3,255
1,1,29,2,3,254
1,1,29,2,3,128
1,1,29,2,3,129
1,1,29,2,2,255
1,1,29,2,1,255
1,1,29,2,1,128
1,1,29,2,8,383
1,1,29,2,7,256
1,1,29,2,7,383
1,1,29,2,7,382
1,1,29,2,6,383
1,1,29,2,6,382
1,1,29,2,5,383
1,1,29,2,5,382
1,1,29,2,4,256
1,1,29,2,4,383
1,1,29,2,4,382
1,1,29,2,4,381
1,1,29,2,3,256
1,1,29,2,3,383
1,1,29,2,2,256
1,1,29,2,2,383
1,1,29,2,1,256
1,1,29,2,1,383
1,1,30,1,4,0
1,1,30,1,2,127
1,1,30,1,2,126
1,1,30,1,2,125
1,1,30,1,2,124
1,1,30,1,2,122
1,1,30,1,7,128
1,1,30,1,4,255
1,1,30,1,4,128
1,1,30,1,4,129
1,1,30,1,3,255
1,1,30,1,3,128
1,1,30,1,6,383
1,1,30,1,5,383
1,1,30,2,6,0
1,1,30,2,5,0
1,1,30,2,4,127
1,1,30,2,4,0
1,1,30,2,4,19
1,1,30,2,4,20
1,1,30,2,3,0
1,1,30,2,8,128
1,1,30,2,7,255
1,1,30,2,6,383
1,1,30,2,6,382
1,1,30,2,5,383
1,1,30,2,4,383
1,1,30,2,3,383
1,1,30,2,2,383
-1,1,31,1,8,0
-1,1,31,1,8,1
-1,1,31,1,7,4
-1,1,31,1,7,2
-1,1,31,1,7,127
-1,1,31,1,7,1
-1,1,31,1,6,127
-1,1,31,1,6,0
-1,1,31,1,6,1
-1,1,31,1,5,127
-1,1,31,1,5,0
-1,1,31,1,4,127
-1,1,31,1,4,0
-1,1,31,1,4,1
-1,1,31,1,3,127
-1,1,31,1,3,0
-1,1,31,1,3,1
-1,1,31,1,2,2
-1,1,31,1,2,127
-1,1,31,1,2,0
-1,1,31,1,2,1
-1,1,31,1,8,255
-1,1,31,1,8,128
-1,1,31,1,7,255
-1,1,31,1,7,128
-1,1,31,1,6,255
-1,1,31,1,6,128
-1,1,31,1,4,255
-1,1,31,1,4,128
-1,1,31,1,3,255
-1,1,31,1,3,254
-1,1,31,1,3,128
-1,1,31,1,3,129
-1,1,31,1,2,254
-1,1,31,1,2,255
-1,1,31,1,1,255
-1,1,31,1,1,128
-1,1,31,1,8,256
-1,1,31,1,8,383
-1,1,31,1,8,382
-1,1,31,1,8,309
-1,1,31,1,8,310
-1,1,31,1,7,256
-1,1,31,1,7,383
-1,1,31,1,7,314
-1,1,31,1,7,315
-1,1,31,1,6,383
-1,1,31,1,5,383
-1,1,31,1,4,256
-1,1,31,1,4,383
-1,1,31,1,4,382
-1,1,31,1,3,256
-1,1,31,1,3,383
-1,1,31,1,2,256
-1,1,31,1,2,383
-1,1,31,2,8,0
-1,1,31,2,7,0
-1,1,31,2,6,127
-1,1,31,2,6,0
-1,1,31,2,5,127
-1,1,31,2,5,119
-1,1,31,2,5,117
-1,1,31,2,4,0
-1,1,31,2,4,1
-1,1,31,2,3,127
-1,1,31,2,3,0
-1,1,31,2,2,0
-1,1,31,2,7,255
-1,1,31,2,6,128
-1,1,31,2,5,129
-1,1,31,2,5,244
-1,1,31,2,5,142
-1,1,31,2,5,144
-1,1,31,2,5,154
-1,1,31,2,4,255
-1,1,31,2,4,128
-1,1,31,2,3,255
-1,1,31,2,3,254
-1,1,31,2,3,128
-1,1,31,2,1,255
-1,1,31,2,8,278
-1,1,31,2,8,279
-1,1,31,2,7,383
-1,1,31,2,6,383
-1,1,31,2,5,383
-1,1,31,2,4,256
-1,1,31,2,4,383
-1,1,31,2,4,382
-1,1,31,2,3,257
-1,1,31,2,3,256
-1,1,31,2,3,383
-1,1,32,1,6,0
-1,1,32,1,5,0
-1,1,32,1,4,127
-1,1,32,1,4,0
-1,1,32,1,3,0
-1,1,32,1,1,119
-1,1,32,1,4,128
-1,1,32,1,4,129
-1,1,32,1,3,255
-1,1,32,1,6,383
-1,1,32,1,5,383
-1,1,32,1,4,383
-1,1,32,1,1,287
-1,1,32,1,1,286
-1,1,32,2,6,0
-1,1,32,2,2,127
-1,1,32,2,5,157
-1,1,32,2,5,225
-1,1,32,2,3,255
-1,1,32,2,6,381
-1,1,32,2,6,256
-1,1,32,2,6,383
-1,1,32,2,5,383
-1,1,32,2,4,383
-1,1,32,2,3,366
-1,1,32,2,3,383
-1,1,32,2,1,287
-1,1,33,1,8,0
-1,1,33,1,7,8
-1,1,33,1,7,9
-1,1,33,1,7,4
-1,1,33,1,7,2
-1,1,33,1,7,0
-1,1,33,1,7,1
-1,1,33,1,6,0
-1,1,33,1,5,0
-1,1,33,1,5,1
-1,1,33,1,4,0
-1,1,33,1,3,127
-1,1,33,1,3,0
-1,1,33,1,3,1
-1,1,33,1,2,0
-1,1,33,1,1,127
-1,1,33,1,1,126
-1,1,33,1,1,0
-1,1,33,1,1,1
-1,1,33,1,8,253
-1,1,33,1,7,128
-1,1,33,1,6,255
-1,1,33,1,6,128
-1,1,33,1,5,255
-1,1,33,1,5,128
-1,1,33,1,4,230
-1,1,33,1,4,237
-1,1,33,1,4,128
-1,1,33,1,3,255
-1,1,33,1,3,254
-1,1,33,1,3,128
-1,1,33,1,3,129
-1,1,33,1,8,383
-1,1,33,1,7,256
-1,1,33,1,7,383
-1,1,33,1,6,383
-1,1,33,1,4,383
-1,1,33,1,4,382
-1,1,33,1,3,256
-1,1,33,1,3,383
-1,1,33,1,3,382
-1,1,33,1,2,256
-1,1,33,1,2,383
-1,1,33,1,1,256
-1,1,33,1,1,382
-1,1,33,2,8,0
-1,1,33,2,7,0
-1,1,33,2,6,0
-1,1,33,2,5,0
-1,1,33,2,4,0
-1,1,33,2,4,1
-1,1,33,2,3,127
-1,1,33,2,3,0
-1,1,33,2,3,1
-1,1,33,2,2,0
-1,1,33,2,2,1
-1,1,33,2,8,128
-1,1,33,2,7,255
-1,1,33,2,7,128
-1,1,33,2,6,255
-1,1,33,2,6,128
-1,1,33,2,5,128
-1,1,33,2,4,255
-1,1,33,2,4,128
-1,1,33,2,3,255
-1,1,33,2,3,128
-1,1,33,2,3,129
-1,1,33,2,1,255
-1,1,33,2,8,383
-1,1,33,2,8,382
-1,1,33,2,7,383
-1,1,33,2,6,383
-1,1,33,2,5,381
-1,1,33,2,5,383
-1,1,33,2,5,382
-1,1,33,2,4,256
-1,1,33,2,4,383
-1,1,33,2,4,382
-1,1,33,2,3,256
-1,1,33,2,3,383
-1,1,33,2,2,383
-1,1,34,1,6,0
-1,1,34,1,5,0
-1,1,34,1,5,1
-1,1,34,1,4,0
-1,1,34,1,4,128
-1,1,34,1,3,128
-1,1,34,1,1,255
-1,1,34,1,1,128
-1,1,34,1,6,381
-1,1,34,1,6,383
-1,1,34,1,5,383
-1,1,34,1,4,383
-1,1,34,2,8,0
-1,1,34,2,7,0
-1,1,34,2,6,0
-1,1,34,2,5,0
-1,1,34,2,4,127
-1,1,34,2,4,0
-1,1,34,2,3,127
-1,1,34,2,3,0
-1,1,34,2,3,1
-1,1,34,2,2,127
-1,1,34,2,2,126
-1,1,34,2,2,0
-1,1,34,2,8,255
-1,1,34,2,8,128
-1,1,34,2,7,128
-1,1,34,2,6,128
-1,1,34,2,4,255
-1,1,34,2,4,128
-1,1,34,2,3,255
-1,1,34,2,3,128
-1,1,34,2,7,383
-1,1,34,2,6,383
-1,1,34,2,5,383
-1,1,34,2,5,382
-1,1,34,2,4,383
-1,1,34,2,3,383
-1,1,34,2,1,383
-1,1,35,1,7,0
-1,1,35,1,7,1
-1,1,35,1,6,0
-1,1,35,1,4,127
-1,1,35,1,4,0
-1,1,35,1,4,1
-1,1,35,1,3,127
-1,1,35,1,3,0
-1,1,35,1,2,0
-1,1,35,1,1,0
-1,1,35,1,8,255
-1,1,35,1,7,128
-1,1,35,1,6,255
-1,1,35,1,6,128
-1,1,35,1,4,255
-1,1,35,1,4,128
-1,1,35,1,3,255
-1,1,35,1,3,254
-1,1,35,1,3,128
-1,1,35,1,3,129
-1,1,35,1,1,255
-1,1,35,1,7,383
-1,1,35,1,7,382
-1,1,35,1,6,383
-1,1,35,1,4,256
-1,1,35,1,4,383
-1,1,35,1,3,373
-1,1,35,1,3,256
-1,1,35,1,3,383
-1,1,35,1,3,382
-1,1,35,1,2,383
-1,1,35,1,1,379
-1,1,35,2,8,2
-1,1,35,2,8,0
-1,1,35,2,8,1
-1,1,35,2,7,127
-1,1,35,2,7,0
-1,1,35,2,7,1
-1,1,35,2,6,127
-1,1,35,2,6,0
-1,1,35,2,6,1
-1,1,35,2,5,0
-1,1,35,2,4,127
-1,1,35,2,4,0
-1,1,35,2,4,1
-1,1,35,2,3,127
-1,1,35,2,3,0
-1,1,35,2,3,1
-1,1,35,2,2,0
-1,1,35,2,1,127
-1,1,35,2,1,0
-1,1,35,2,8,255
-1,1,35,2,7,255
-1,1,35,2,7,128
-1,1,35,2,7,191
-1,1,35,2,6,255
-1,1,35,2,6,128
-1,1,35,2,5,144
-1,1,35,2,5,154
-1,1,35,2,4,255
-1,1,35,2,3,255
-1,1,35,2,3,254
-1,1,35,2,3,128
-1,1,35,2,1,255
-1,1,35,2,1,128
-1,1,35,2,7,256
-1,1,35,2,7,383
-1,1,35,2,6,256
-1,1,35,2,6,383
-1,1,35,2,6,382
-1,1,35,2,4,256
-1,1,35,2,4,383
-1,1,35,2,3,256
-1,1,35,2,3,383
-1,1,35,2,2,256
-1,1,35,2,2,257
-1,1,35,2,2,383
-1,1,35,2,2,258
-1,1,35,2,2,259
-1,1,35,2,2,260
-1,1,35,2,2,261
-1,1,35,2,2,262
-1,1,35,2,2,263
-1,1,35,2,2,264
-1,1,35,2,2,265
-1,1,35,2,2,266
-1,1,35,2,1,383
-1,1,36,1,6,0
-1,1,36,1,5,0
-1,1,36,1,4,0
-1,1,36,1,4,1
-1,1,36,1,3,0
-1,1,36,1,3,1
-1,1,36,1,3,2
-1,1,36,1,3,3
-1,1,36,1,3,4
-1,1,36,1,3,5
-1,1,36,1,3,6
-1,1,36,1,3,8
-1,1,36,1,3,10
-1,1,36,1,8,255
-1,1,36,1,6,255
-1,1,36,1,6,128
-1,1,36,1,5,128
-1,1,36,1,3,255
-1,1,36,1,3,128
-1,1,36,1,1,128
-1,1,36,1,6,383
-1,1,36,1,6,382
-1,1,36,1,5,379
-1,1,36,1,4,383
-1,1,36,1,3,383
-1,1,36,2,8,0
-1,1,36,2,7,0
-1,1,36,2,6,0
-1,1,36,2,5,0
-1,1,36,2,4,127
-1,1,36,2,4,0
-1,1,36,2,3,127
-1,1,36,2,3,0
-1,1,36,2,1,0
-1,1,36,2,7,255
-1,1,36,2,7,128
-1,1,36,2,6,128
-1,1,36,2,4,255
-1,1,36,2,4,128
-1,1,36,2,1,255
-1,1,36,2,8,383
-1,1,36,2,6,383
-1,1,36,2,5,379
-1,1,36,2,5,383
-1,1,36,2,4,383
-1,1,36,2,3,383
1,1,31,1,8,0
1,1,31,1,7,0
1,1,31,1,6,0
1,1,31,1,5,0
1,1,31,1,4,0
1,1,31,1,3,127
1,1,31,1,3,0
1,1,31,1,3,1
1,1,31,1,2,0
1,1,31,1,1,0
1,1,31,1,8,255
1,1,31,1,7,255
1,1,31,1,7,128
1,1,31,1,6,255
1,1,31,1,6,128
1,1,31,1,4,255
1,1,31,1,4,128
1,1,31,1,3,255
1,1,31,1,3,254
1,1,31,1,3,128
1,1,31,1,3,129
1,1,31,1,8,383
1,1,31,1,7,382
1,1,31,1,7,381
1,1,31,1,6,358
1,1,31,1,6,363
1,1,31,1,6,367
1,1,31,1,6,368
1,1,31,1,6,373
1,1,31,1,6,379
1,1,31,1,6,256
1,1,31,1,5,383
1,1,31,1,4,383
1,1,31,1,4,382
1,1,31,1,3,256
1,1,31,1,3,383
1,1,31,1,2,256
1,1,31,1,2,383
1,1,31,1,1,383
1,1,31,2,8,29
1,1,31,2,8,0
1,1,31,2,7,0
1,1,31,2,6,127
1,1,31,2,6,0
1,1,31,2,5,0
1,1,31,2,4,0
1,1,31,2,3,127
1,1,31,2,3,0
1,1,31,2,3,1
1,1,31,2,2,4
1,1,31,2,2,3
1,1,31,2,2,126
1,1,31,2,2,127
1,1,31,2,1,127
1,1,31,2,1,4
1,1,31,2,8,255
1,1,31,2,3,255
1,1,31,2,3,254
1,1,31,2,3,128
1,1,31,2,2,254
1,1,31,2,2,255
1,1,31,2,1,255
1,1,31,2,1,128
1,1,31,2,8,383
1,1,31,2,1,297
1,1,31,2,1,383
1,1,32,1,7,0
1,1,32,1,4,127
1,1,32,1,4,0
1,1,32,1,4,1
1,1,32,1,3,127
1,1,32,1,3,1
1,1,32,1,3,2
1,1,32,1,7,255
1,1,32,1,6,383
1,1,32,1,5,381
1,1,32,1,5,383
1,1,32,1,4,381
1,1,32,1,4,383
1,1,32,1,3,383
1,1,32,2,8,0
1,1,32,2,7,0
1,1,32,2,6,0
1,1,32,2,5,0
1,1,32,2,5,2
1,1,32,2,4,127
1,1,32,2,4,0
1,1,32,2,3,127
1,1,32,2,3,0
1,1,32,2,2,127
1,1,32,2,2,0
1,1,32,2,1,127
1,1,32,2,1,0
1,1,32,2,8,255
1,1,32,2,8,128
1,1,32,2,7,255
1,1,32,2,7,128
1,1,32,2,6,255
1,1,32,2,6,128
1,1,32,2,5,255
1,1,32,2,4,255
1,1,32,2,4,128
1,1,32,2,3,255
1,1,32,2,3,128
1,1,32,2,1,255
1,1,32,2,1,128
1,1,32,2,7,383
1,1,32,2,6,383
1,1,32,2,6,382
1,1,32,2,5,383
1,1,32,2,4,256
1,1,32,2,4,383
1,1,32,2,3,256
1,1,32,2,3,383
1,1,32,2,3,382
1,1,32,2,2,383
1,1,32,2,1,383
1,1,33,1,8,0
1,1,33,1,8,1
1,1,33,1,7,0
1,1,33,1,7,1
1,1,33,1,6,127
1,1,33,1,6,0
1,1,33,1,6,1
1,1,33,1,5,0
1,1,33,1,5,1
1,1,33,1,5,3
1,1,33,1,4,127
1,1,33,1,4,0
1,1,33,1,4,1
1,1,33,1,3,127
1,1,33,1,3,0
1,1,33,1,3,1
1,1,33,1,3,13
1,1,33,1,3,14
1,1,33,1,2,0
1,1,33,1,2,1
1,1,33,1,1,0
1,1,33,1,8,255
1,1,33,1,8,128
1,1,33,1,7,255
1,1,33,1,7,128
1,1,33,1,6,255
1,1,33,1,6,128
1,1,33,1,5,255
1,1,33,1,5,128
1,1,33,1,4,255
1,1,33,1,4,128
1,1,33,1,3,255
1,1,33,1,3,254
1,1,33,1,3,128
1,1,33,1,3,129
1,1,33,1,1,255
1,1,33,1,1,128
1,1,33,1,8,383
1,1,33,1,7,383
1,1,33,1,6,383
1,1,33,1,6,382
1,1,33,1,5,377
1,1,33,1,5,378
1,1,33,1,4,256
1,1,33,1,4,380
1,1,33,1,4,379
1,1,33,1,3,256
1,1,33,1,3,383
1,1,33,1,3,382
1,1,33,1,2,256
1,1,33,1,2,383
1,1,33,1,1,375
1,1,34,1,6,0
1,1,34,1,5,0
1,1,34,1,4,127
1,1,34,1,4,0
1,1,34,1,1,0
1,1,34,1,8,255
1,1,34,1,8,128
1,1,34,1,7,128
1,1,34,1,2,226
1,1,34,1,1,255
1,1,34,1,6,383
1,1,34,1,5,383
1,1,34,1,4,383
1,1,34,2,7,0
1,1,34,2,6,127
1,1,34,2,6,0
1,1,34,2,6,1
1,1,34,2,5,127
1,1,34,2,5,0
1,1,34,2,4,127
1,1,34,2,4,0
1,1,34,2,4,1
1,1,34,2,3,127
1,1,34,2,3,0
1,1,34,2,2,127
1,1,34,2,2,0
1,1,34,2,1,127
1,1,34,2,1,0
1,1,34,2,8,255
1,1,34,2,8,128
1,1,34,2,7,255
1,1,34,2,7,129
1,1,34,2,6,255
1,1,34,2,6,128
1,1,34,2,4,255
1,1,34,2,4,128
1,1,34,2,3,255
1,1,34,2,3,128
1,1,34,2,1,255
1,1,34,2,1,254
1,1,34,2,1,128
1,1,34,2,8,383
1,1,34,2,6,383
1,1,34,2,6,382
1,1,34,2,5,381
1,1,34,2,5,383
1,1,34,2,5,382
1,1,34,2,4,256
1,1,34,2,4,383
1,1,34,2,4,382
1,1,34,2,3,383
1,1,34,2,1,383
1,1,35,1,8,0
1,1,35,1,8,1
1,1,35,1,7,0
1,1,35,1,7,1
1,1,35,1,6,127
1,1,35,1,6,0
1,1,35,1,6,1
1,1,35,1,5,127
1,1,35,1,5,0
1,1,35,1,4,127
1,1,35,1,4,0
1,1,35,1,4,1
1,1,35,1,3,127
1,1,35,1,3,0
1,1,35,1,3,1
1,1,35,1,2,2
1,1,35,1,2,0
1,1,35,1,2,1
1,1,35,1,1,0
1,1,35,1,8,255
1,1,35,1,8,128
1,1,35,1,7,255
1,1,35,1,7,128
1,1,35,1,6,255
1,1,35,1,6,128
1,1,35,1,5,255
1,1,35,1,5,128
1,1,35,1,5,129
1,1,35,1,5,244
1,1,35,1,5,242
1,1,35,1,5,144
1,1,35,1,5,234
1,1,35,1,5,232
1,1,35,1,5,152
1,1,35,1,5,154
1,1,35,1,5,217
1,1,35,1,5,207
1,1,35,1,4,161
1,1,35,1,4,160
1,1,35,1,4,230
1,1,35,1,4,151
1,1,35,1,4,237
1,1,35,1,4,144
1,1,35,1,4,143
1,1,35,1,3,255
1,1,35,1,3,254
1,1,35,1,3,128
1,1,35,1,3,129
1,1,35,1,2,255
1,1,35,1,1,255
1,1,35,1,1,128
1,1,35,1,8,256
1,1,35,1,8,383
1,1,35,1,7,256
1,1,35,1,7,383
1,1,35,1,6,381
1,1,35,1,6,256
1,1,35,1,6,383
1,1,35,1,5,259
1,1,35,1,5,383
1,1,35,1,4,256
1,1,35,1,4,383
1,1,35,1,3,256
1,1,35,1,3,383
1,1,35,1,2,256
1,1,35,1,2,257
1,1,35,1,2,383
1,1,35,1,1,383
1,1,35,1,1,382
1,1,35,2,8,0
1,1,35,2,7,4
1,1,35,2,7,127
1,1,35,2,7,0
1,1,35,2,6,127
1,1,35,2,6,0
1,1,35,2,5,127
1,1,35,2,5,0
1,1,35,2,5,117
1,1,35,2,4,127
1,1,35,2,4,0
1,1,35,2,4,1
1,1,35,2,3,127
1,1,35,2,3,126
1,1,35,2,3,0
1,1,35,2,3,1
1,1,35,2,2,2
1,1,35,2,2,0
1,1,35,2,1,1
1,1,35,2,7,255
1,1,35,2,7,128
1,1,35,2,6,255
1,1,35,2,6,128
1,1,35,2,5,142
1,1,35,2,5,144
1,1,35,2,5,154
1,1,35,2,3,255
1,1,35,2,3,254
1,1,35,2,3,128
1,1,35,2,3,129
1,1,35,2,1,255
1,1,35,2,1,128
1,1,35,2,8,256
1,1,35,2,8,383
1,1,35,2,7,383
1,1,35,2,7,382
1,1,35,2,6,381
1,1,35,2,6,256
1,1,35,2,6,383
1,1,35,2,5,383
1,1,35,2,4,256
1,1,35,2,4,383
1,1,35,2,3,256
1,1,35,2,3,383
1,1,35,2,2,256
1,1,35,2,2,383
1,1,35,2,1,383
1,1,35,2,1,382
1,1,36,1,8,0
1,1,36,1,7,2
1,1,36,1,7,0
1,1,36,1,6,127
1,1,36,1,6,5
1,1,36,1,6,12
1,1,36,1,6,13
1,1,36,1,5,0
1,1,36,1,4,127
1,1,36,1,4,0
1,1,36,1,3,127
1,1,36,1,3,0
1,1,36,1,3,68
1,1,36,1,3,67
1,1,36,1,2,127
1,1,36,1,2,0
1,1,36,1,2,43
1,1,36,1,2,44
1,1,36,1,1,127
1,1,36,1,1,126
1,1,36,1,1,2
1,1,36,1,1,4
1,1,36,1,8,255
1,1,36,1,8,128
1,1,36,1,7,255
1,1,36,1,7,128
1,1,36,1,7,224
1,1,36,1,7,223
1,1,36,1,7,170
1,1,36,1,7,171
1,1,36,1,6,255
1,1,36,1,6,128
1,1,36,1,5,231
1,1,36,1,5,230
1,1,36,1,4,255
1,1,36,1,4,128
1,1,36,1,3,255
1,1,36,1,3,212
1,1,36,1,3,211
1,1,36,1,1,255
1,1,36,1,1,128
1,1,36,1,1,173
1,1,36,1,1,174
1,1,36,1,8,382
1,1,36,1,8,381
1,1,36,1,6,383
1,1,36,1,5,338
1,1,36,1,5,339
1,1,36,1,5,340
1,1,36,1,5,341
1,1,36,1,5,383
1,1,36,1,4,381
1,1,36,1,4,382
1,1,36,1,3,256
1,1,36,1,3,383
1,1,36,2,8,65
1,1,36,2,8,66
1,1,36,2,8,0
1,1,36,2,7,0
1,1,36,2,6,0
1,1,36,2,5,0
1,1,36,2,4,127
1,1,36,2,4,0
1,1,36,2,3,127
1,1,36,2,3,0
1,1,36,2,3,1
1,1,36,2,2,127
1,1,36,2,2,0
1,1,36,2,6,255
1,1,36,2,6,128
1,1,36,2,3,251
1,1,36,2,3,132
1,1,36,2,3,248
1,1,36,2,3,139
1,1,36,2,3,154
1,1,36,2,3,221
1,1,36,2,3,220
1,1,36,2,3,165
1,1,36,2,3,207
1,1,36,2,3,206
1,1,36,2,3,187
1,1,36,2,3,193
1,1,36,2,8,379
1,1,36,2,7,383
1,1,36,2,7,349
1,1,36,2,7,348
1,1,36,2,6,379
1,1,36,2,6,381
1,1,36,2,6,383
1,1,36,2,5,383
