692076576,127
692076576,0
692076576,1
691552288,127
691552288,0
691552288,1
691028000,127
691028000,0
691028000,1
690503712,127
690503712,0
690503712,1
689979424,127
689979424,0
689979424,1
689455136,127
689455136,0
689455136,1
688930848,2
688930848,127
688930848,0
688930848,1
688406560,127
688406560,0
692076576,255
692076576,128
692076576,129
692076576,191
691552288,255
691552288,254
691552288,128
691552288,129
691552288,191
691028000,255
691028000,128
691028000,129
689979424,255
689979424,128
689979424,129
689455136,255
689455136,254
689455136,128
689455136,129
689455136,253
689455136,191
688930848,192
688930848,254
688930848,255
688930848,128
688930848,129
688406560,255
688406560,254
688406560,128
688406560,129
692076576,256
692076576,383
692076576,382
691552288,256
691552288,383
691552288,382
691552288,380
691028000,381
691028000,256
691028000,383
691028000,382
690503712,383
690503712,382
689979424,256
689979424,383
689979424,382
689455136,256
689455136,383
689455136,382
688930848,256
688930848,383
688930848,382
688406560,383
692092960,0
692092960,1
691568672,127
691568672,0
691568672,1
691044384,127
691044384,0
691044384,1
690520096,127
690520096,0
690520096,119
690520096,117
689995808,127
689995808,0
689995808,1
689471520,127
689471520,0
688947232,3
688947232,127
688947232,0
688947232,1
688422944,127
688422944,2
688422944,101
688422944,100
692092960,255
692092960,128
692092960,247
692092960,226
692092960,225
692092960,191
691568672,255
691568672,128
691044384,255
691044384,128
690520096,129
690520096,144
689995808,255
689995808,128
689471520,255
689471520,254
689471520,128
689471520,129
688947232,255
688947232,128
688422944,255
688422944,128
692092960,256
692092960,383
692092960,382
691568672,256
691568672,378
691044384,256
691044384,383
691044384,382
690520096,383
689995808,256
689995808,383
689995808,382
689471520,256
689471520,383
689471520,382
688947232,256
688422944,256
688422944,383
688422944,382
692076832,0
691552544,0
691552544,1
691028256,0
691028256,1
690503968,0
690503968,1
689979680,127
689979680,0
689979680,1
689455392,126
689455392,0
689455392,1
689455392,125
689455392,2
688931104,127
688931104,0
688406816,127
688406816,0
692076832,255
691552544,255
691552544,128
691028256,255
691028256,128
689979680,255
689979680,128
689979680,129
689455392,254
689455392,128
688931104,255
688406816,255
688406816,128
691552544,383
691028256,256
691028256,383
690503968,383
689979680,256
689979680,383
689979680,382
689455392,256
689455392,383
688931104,383
688406816,287
688406816,383
691044640,0
691044640,1
691044640,2
690520352,0
689996064,0
689471776,0
689471776,1
688947488,127
688423200,127
688423200,126
691568928,255
691568928,128
691044640,255
689471776,255
689471776,128
691568928,377
691568928,374
691044640,383
690520352,383
689996064,383
689471776,383
692077088,0
691552800,0
691028512,0
689979936,110
689979936,111
689979936,0
689455648,127
689455648,0
689455648,1
689455648,120
689455648,6
688931360,0
688931360,1
691552800,255
691028512,255
691028512,128
689979936,220
689455648,255
689455648,254
689455648,128
688931360,255
688931360,128
691552800,383
691028512,383
690504224,383
689979936,256
689979936,383
689455648,304
689455648,372
689455648,378
689455648,383
688931360,256
688931360,383
691569184,0
691569184,1
691044896,0
690520608,0
690520608,1
689996320,2
689996320,0
689996320,1
689472032,127
689472032,0
688947744,0
688947744,1
688423456,0
691569184,255
691569184,128
691044896,255
691044896,128
689996320,128
689472032,255
689472032,254
689472032,128
688423456,255
688423456,128
691569184,383
691569184,382
691044896,379
691044896,383
691044896,382
690520608,383
689996320,256
689996320,383
689472032,256
689472032,383
688947744,256
688947744,383
688423456,383
691028768,0
690504480,0
689980192,127
689980192,0
689980192,1
691553056,255
691553056,128
689980192,128
689455904,255
689455904,128
688931616,226
688931616,225
688931616,219
692077344,280
691028768,383
690504480,383
689980192,382
691569440,0
691045152,0
690520864,127
690520864,0
689996576,127
689996576,0
689472288,127
689472288,0
692093728,128
691569440,128
689996576,128
689472288,255
688423712,128
691045152,383
691045152,382
690520864,383
689996576,383
689472288,383
688423712,324
688423712,325
688423712,383
692077600,0
691553312,0
691553312,1
691029024,0
689980448,0
689456160,127
689456160,0
688931872,0
688407584,0
692077600,255
691553312,255
691553312,128
691029024,128
689980448,143
689456160,255
689456160,254
689456160,128
688407584,255
688407584,128
691553312,383
691029024,383
689980448,383
689456160,256
689456160,382
688931872,256
688931872,257
688931872,383
688931872,258
688931872,259
688931872,260
688931872,261
688931872,262
688931872,263
688407584,383
692093984,0
692093984,1
691569696,127
691569696,0
691569696,1
691045408,127
691045408,0
691045408,1
690521120,0
690521120,1
689996832,127
689996832,0
689996832,1
689472544,127
689472544,0
689472544,1
688948256,127
688948256,0
688948256,1
688423968,127
688423968,0
692093984,255
692093984,128
691569696,255
691569696,128
691045408,255
691045408,128
690521120,255
690521120,154
689472544,255
689472544,128
688948256,255
688948256,128
688423968,255
688423968,128
692093984,383
691569696,256
691569696,383
691569696,382
691045408,256
691045408,383
691045408,382
690521120,383
689996832,256
689996832,383
689996832,382
689472544,256
689472544,383
688948256,256
688948256,383
688948256,382
688423968,283
688423968,280
688423968,256
688423968,383
688423968,382
691029280,0
689980704,127
689980704,0
689456416,0
688407840,109
692077856,255
692077856,128
691029280,128
690504992,128
689980704,128
689456416,255
690504992,383
689980704,383
688932128,285
691045664,0
690521376,0
689997088,127
689472800,0
691045664,128
689472800,255
691045664,373
691045664,377
691045664,379
691045664,378
691045664,381
691045664,383
691045664,382
690521376,383
690521376,382
689997088,272
689997088,271
689997088,256
689997088,383
692076578,0
691552290,0
691028002,127
691028002,0
690503714,0
689979426,127
689979426,0
689979426,1
689455138,127
689455138,0
688930850,0
692076578,255
692076578,128
691552290,255
691552290,128
691028002,255
691028002,128
689979426,168
689979426,167
689979426,161
689979426,160
689455138,255
689455138,128
689455138,129
688406562,255
688406562,254
688406562,128
691552290,383
691028002,383
690503714,383
689979426,256
689979426,383
689455138,256
689455138,383
689455138,382
688930850,256
688930850,383
688406562,383
692092962,127
692092962,0
692092962,1
691568674,127
691568674,0
691568674,1
691044386,127
691044386,0
691044386,1
691044386,2
690520098,127
690520098,0
689995810,2
689995810,127
689995810,0
689995810,1
689471522,127
689471522,0
689471522,1
688947234,2
688947234,127
688947234,0
688947234,1
688422946,127
688422946,0
688422946,1
692092962,255
692092962,128
692092962,129
692092962,253
691568674,255
691568674,128
691044386,255
691044386,128
690520098,255
690520098,128
690520098,129
690520098,142
690520098,144
689995810,255
689995810,128
689471522,255
689471522,254
689471522,128
689471522,129
688947234,255
688947234,128
688422946,255
688422946,254
688422946,128
692092962,256
692092962,383
692092962,382
691568674,256
691568674,383
691568674,382
691044386,381
691044386,256
691044386,383
691044386,382
690520098,383
690520098,382
689995810,256
689995810,257
689995810,380
689471522,256
689471522,383
689471522,382
688947234,256
688947234,383
688947234,382
688422946,372
688422946,376
688422946,256
688422946,383
691028258,0
690503970,0
689979682,127
689979682,0
689455394,0
692076834,255
691552546,128
689979682,128
689455394,255
689455394,254
688406818,128
688406818,130
691028258,383
690503970,381
690503970,382
689979682,383
689455394,383
688406818,383
691568930,0
691044642,127
691044642,0
691044642,124
690520354,0
689996066,127
689996066,0
689471778,127
689471778,0
692093218,255
691568930,255
691044642,255
689996066,255
689996066,128
689471778,128
691044642,383
690520354,383
689996066,383
689471778,381
689471778,383
692077090,0
692077090,1
691552802,127
691552802,0
691552802,1
691028514,127
691028514,0
691028514,1
690504226,0
690504226,1
689979938,127
689979938,0
689979938,1
689455650,127
689455650,0
689455650,1
688931362,0
688407074,0
692077090,255
692077090,128
691552802,255
691552802,128
691028514,255
691028514,128
691028514,129
689979938,255
689979938,128
689455650,255
689455650,254
689455650,128
688407074,255
688407074,254
688407074,128
692077090,383
691552802,256
691552802,383
691552802,382
691552802,381
691028514,383
690504226,383
689979938,256
689979938,383
689979938,382
689455650,256
689455650,383
689455650,382
688931362,256
688931362,257
688931362,383
688931362,259
688407074,383
692093474,0
692093474,1
691569186,2
691569186,0
691044898,127
691044898,0
690520610,0
690520610,1
690520610,2
690520610,3
690520610,4
690520610,6
689996322,2
689996322,0
689996322,1
689472034,127
689472034,0
689472034,1
688947746,15
688947746,2
688947746,127
688947746,0
688947746,1
688423458,0
692093474,255
692093474,128
691569186,255
691569186,128
691044898,255
691044898,128
690520610,255
690520610,128
689996322,255
689996322,128
689472034,255
689472034,128
689472034,129
688947746,254
688947746,255
688947746,128
688423458,255
692093474,383
691569186,383
691044898,383
691044898,382
690520610,379
690520610,381
690520610,383
690520610,382
689996322,383
689996322,382
689472034,256
689472034,383
689472034,382
688947746,383
688423458,349
688423458,383
691028770,0
690504482,0
690504482,1
690504482,2
689980194,0
691553058,255
691553058,128
691028770,255
691028770,128
689980194,128
689455906,255
689455906,128
688931618,226
688931618,219
691028770,383
690504482,381
690504482,383
689980194,383
689455906,383
691045154,0
690520866,0
689996578,127
689996578,0
689472290,127
689472290,0
689472290,1
688423714,119
691045154,128
689996578,255
689996578,128
689472290,255
691045154,383
690520866,383
689996578,383
692077602,2
692077602,127
692077602,0
692077602,1
691553314,127
691553314,0
691553314,1
691029026,127
691029026,0
691029026,1
690504738,127
690504738,0
689980450,2
689980450,127
689980450,0
689980450,1
689456162,127
689456162,0
689456162,1
688931874,0
688407586,127
688407586,0
688407586,1
692077602,255
692077602,254
692077602,128
692077602,191
691553314,255
691553314,128
691029026,255
691029026,128
689980450,255
689980450,128
689456162,255
689456162,128
688931874,128
688407586,255
688407586,254
688407586,128
692077602,256
692077602,383
691553314,256
691553314,383
691553314,382
691029026,256
691029026,383
691029026,382
690504738,383
689980450,256
689980450,383
689980450,382
689456162,264
689456162,263
689456162,256
689456162,383
689456162,382
688931874,256
688931874,383
688931874,382
688407586,383
692093986,0
692093986,1
691569698,0
691045410,0
690521122,127
689996834,127
689996834,0
689472546,127
689472546,0
689472546,1
688948258,127
688948258,0
688423970,0
692093986,255
691045410,255
691045410,128
690521122,144
690521122,154
690521122,217
689996834,160
689996834,151
689996834,150
689996834,237
689996834,144
689472546,255
689472546,254
689472546,128
689472546,129
692093986,383
691569698,383
691569698,382
691045410,380
690521122,383
689996834,256
689996834,383
689472546,256
689472546,383
688948258,256
688948258,257
688948258,258
688948258,259
688948258,261
688948258,262
688948258,263
688948258,266
688423970,383
691029282,0
690504994,0
689980706,127
689980706,0
689456418,127
689456418,0
689456418,1
689456418,4
688932130,0
688407842,119
691029282,128
689456418,255
688932130,225
691029282,383
690504994,383
689980706,383
691045666,0
690521378,0
689997090,127
689997090,0
689472802,127
689472802,0
688948514,0
692094242,255
691045666,128
689997090,255
689997090,128
689472802,255
689472802,128
692094242,383
691045666,383
691045666,382
690521378,383
689997090,379
689997090,382
689472802,383
688948514,383
696291138,0
695766850,0
694718274,0
695242562,0
694718274,1
694718274,62
694718274,63
693669698,174
693669698,173
693669698,170
693669698,94
693145410,78
691572546,383
691572546,382
691572546,381
691048258,379
691048258,380
690523970,383
691048258,383
692096834,97
692096834,96
692096834,4
692096834,0
691572546,0
690523970,0
691048258,0
689999682,383
688426818,114
688426818,115
692078112,2
692078112,0
692078112,1
691553824,0
691029536,0
689980960,127
689980960,0
689980960,1
689456672,127
689456672,0
689456672,1
688932384,127
688408096,0
692078112,255
692078112,128
691553824,255
691553824,128
691029536,255
689456672,255
689456672,254
689456672,128
689456672,250
689456672,245
688932384,128
688408096,255
688408096,128
692078112,383
691553824,383
691029536,383
690505248,381
690505248,383
690505248,382
689980960,383
689456672,256
689456672,383
688932384,383
688408096,383
692094496,2
692094496,127
692094496,0
692094496,1
691570208,2
691570208,127
691570208,0
691570208,1
691045920,127
691045920,126
691045920,0
691045920,1
691045920,63
690521632,0
689997344,2
689997344,127
689997344,0
689997344,1
689473056,127
689473056,0
689473056,1
688948768,2
688948768,3
688948768,127
688948768,0
688948768,1
688424480,127
688424480,0
688424480,1
688424480,30
692094496,255
692094496,128
692094496,244
691570208,255
691570208,128
691570208,129
691045920,255
691045920,254
691045920,128
691045920,129
691045920,191
690521632,255
690521632,128
689473056,255
689473056,254
689473056,128
689473056,129
689473056,191
688948768,192
688948768,255
688948768,128
688424480,255
688424480,128
692094496,256
692094496,383
692094496,382
691570208,256
691570208,383
691570208,382
691045920,381
691045920,256
691045920,383
691045920,382
690521632,256
690521632,383
690521632,382
689997344,256
689997344,257
689997344,383
689997344,382
689473056,256
689473056,383
689473056,382
688948768,256
688948768,383
688948768,382
688948768,381
688424480,256
688424480,383
688424480,382
691029792,0
689981216,127
689981216,0
689456928,127
689456928,0
688932640,127
691029792,255
691029792,128
689981216,255
689456928,255
688408352,255
691029792,382
690505504,383
689981216,381
689981216,256
689981216,382
688932640,383
688408352,379
691570464,0
691046176,0
690521888,0
689997600,127
689997600,0
689473312,127
689473312,0
691570464,128
689997600,128
689473312,255
689473312,128
691046176,383
691046176,382
690521888,383
689997600,256
689997600,383
689473312,383
692078624,127
692078624,0
692078624,1
691554336,2
691554336,127
691554336,0
691554336,1
691030048,127
691030048,0
691030048,1
691030048,2
690505760,127
690505760,0
690505760,1
690505760,2
690505760,3
689981472,127
689981472,0
689981472,1
689457184,127
689457184,0
689457184,1
688932896,2
688932896,3
688932896,127
688932896,0
688932896,1
688408608,127
688408608,0
688408608,1
692078624,255
692078624,254
692078624,128
691554336,255
691554336,128
691554336,191
691030048,255
691030048,128
691030048,129
691030048,191
690505760,255
690505760,254
690505760,128
689981472,255
689981472,128
689457184,255
689457184,254
689457184,128
689457184,129
688932896,254
688932896,255
688932896,128
688408608,255
688408608,254
688408608,128
692078624,256
692078624,383
692078624,382
691554336,256
691554336,383
691554336,382
691030048,256
691030048,383
691030048,382
689981472,256
689981472,383
689981472,382
689981472,381
689457184,256
689457184,383
689457184,382
688932896,256
688932896,257
688932896,383
688932896,382
688408608,381
688408608,256
692095008,0
692095008,1
691570720,0
691570720,1
691046432,127
691046432,0
691046432,1
690522144,127
690522144,0
690522144,117
689997856,0
689473568,127
689473568,0
688949280,2
688949280,0
688949280,1
688424992,0
692095008,255
692095008,128
691570720,255
691570720,128
691046432,255
691046432,128
689997856,255
689997856,128
689473568,255
689473568,254
689473568,128
689473568,129
688949280,128
688424992,255
688424992,128
692095008,383
692095008,382
691570720,256
691570720,383
691046432,381
691046432,383
691046432,382
690522144,383
689997856,256
689997856,383
689997856,382
689473568,381
689473568,257
689473568,256
689473568,383
689473568,382
688949280,256
688949280,383
688949280,382
688949280,381
688424992,370
688424992,257
688424992,383
688424992,382
692078880,17
692078880,0
691030304,0
690506016,0
689981728,127
689981728,0
689981728,1
689457440,127
689457440,0
689457440,1
688933152,0
688408864,0
688408864,119
692078880,255
692078880,128
691554592,255
691030304,255
690506016,255
689981728,255
689981728,128
689457440,255
688408864,255
691030304,383
690506016,377
690506016,378
690506016,257
689981728,377
689981728,380
689457440,383
688933152,383
692095264,39
692095264,38
692095264,0
691570976,0
691046688,127
691046688,0
690522400,0
689998112,127
689998112,0
689473824,127
689473824,0
688949536,0
688425248,127
688425248,0
692095264,128
691046688,128
689998112,255
689998112,128
689473824,255
688949536,255
688949536,128
692095264,383
691570976,383
691046688,383
690522400,383
689998112,383
689473824,381
689473824,256
689473824,383
688949536,383
688425248,383
692079136,0
691554848,0
691030560,0
689981984,0
689981984,1
689457696,127
689457696,0
688933408,0
688409120,0
691030560,255
691030560,128
690506272,142
689981984,255
689981984,128
689457696,255
689457696,128
688933408,189
688933408,188
688409120,255
691030560,383
689981984,383
689457696,256
689457696,383
688933408,382
692095520,90
691571232,4
691571232,2
691571232,3
691571232,1
691046944,0
691046944,1
690522656,0
690522656,1
690522656,2
690522656,3
690522656,4
690522656,6
689998368,2
689474080,127
689474080,0
689474080,1
688949792,0
688949792,1
688425504,0
692095520,255
692095520,212
692095520,207
692095520,206
691571232,255
691571232,128
691046944,255
691046944,128
690522656,255
690522656,128
689998368,255
689998368,128
689474080,255
689474080,254
689474080,128
688949792,255
688425504,255
688425504,128
692095520,383
691571232,383
691571232,382
691046944,381
691046944,382
689998368,380
689998368,379
689474080,379
688949792,381
688949792,379
691030816,0
690506528,0
689982240,127
689982240,0
689457952,127
689457952,0
691555104,255
691555104,128
691030816,255
691030816,128
689982240,128
689457952,255
689457952,128
691030816,373
691030816,379
691030816,383
690506528,383
689982240,383
689457952,256
689457952,383
688933664,383
688409376,383
692095776,0
691571488,2
691571488,0
691571488,1
691047200,0
691047200,2
690522912,127
690522912,0
689998624,127
689998624,0
689998624,1
689474336,127
689474336,0
689474336,1
688950048,127
688950048,0
688425760,127
688425760,0
692095776,255
692095776,128
691571488,255
691571488,128
691047200,255
691047200,128
690522912,255
689998624,255
689998624,128
689474336,255
689474336,128
688950048,255
688950048,128
688950048,235
688950048,234
688425760,255
688425760,128
691571488,383
691047200,256
691047200,383
691047200,382
690522912,256
690522912,383
690522912,382
689998624,381
689998624,256
689998624,383
689998624,382
689474336,256
689474336,383
689474336,382
688950048,383
688425760,383
692078114,0
691553826,2
691553826,0
691553826,1
691029538,0
691029538,1
690505250,127
689980962,0
689456674,127
689456674,126
689456674,0
688408098,0
688408098,1
692078114,255
691553826,255
691553826,128
691029538,255
690505250,142
690505250,144
690505250,154
689980962,168
689980962,151
689980962,255
689980962,128
689456674,255
689456674,128
688932386,128
688408098,255
692078114,383
691553826,383
691029538,383
690505250,383
689980962,256
689980962,383
689980962,382
689456674,256
689456674,383
688932386,256
688932386,383
688408098,383
692094498,0
691570210,0
691045922,0
691045922,1
690521634,0
689997346,127
689997346,0
689997346,1
689473058,127
689473058,0
688948770,0
688424482,127
688424482,0
688424482,1
688424482,66
688424482,60
692094498,255
692094498,128
691570210,255
691570210,128
691570210,129
691045922,255
691045922,128
690521634,255
690521634,128
689997346,213
689997346,168
689997346,221
689997346,161
689997346,160
689997346,237
689997346,255
689997346,128
689473058,255
689473058,254
689473058,128
689473058,129
688948770,128
688424482,255
688424482,128
692094498,383
691570210,256
691570210,383
691570210,382
691570210,381
691045922,383
690521634,381
690521634,383
689997346,256
689997346,383
689473058,256
689473058,383
688948770,256
688948770,383
688424482,383
691029794,127
691029794,0
690505506,0
689981218,127
689981218,0
689456930,127
689456930,0
688932642,0
688408354,119
689981218,128
689981218,129
691029794,383
690505506,383
689981218,383
689456930,379
689456930,381
689456930,383
691570466,127
691570466,0
691046178,127
691046178,0
690521890,127
690521890,0
689997602,127
689997602,0
689473314,0
688424738,119
692094754,255
692094754,128
692094754,185
692094754,184
689997602,255
689997602,128
689997602,133
689473314,255
688424738,128
692078626,0
692078626,1
691554338,0
691030050,127
691030050,0
691030050,1
691030050,2
690505762,0
690505762,1
689981474,127
689981474,0
689981474,1
689457186,127
689457186,0
689457186,1
689457186,2
689457186,119
689457186,63
688932898,0
688932898,1
688408610,127
688408610,0
688408610,3
688408610,8
692078626,255
692078626,128
691554338,255
691554338,128
691030050,255
691030050,128
690505762,255
690505762,128
689981474,255
689981474,128
689457186,255
689457186,254
689457186,128
689457186,129
689457186,131
689457186,138
689457186,140
688932898,255
688932898,128
688408610,255
688408610,128
692078626,383
692078626,382
691554338,256
691554338,383
691554338,382
691030050,382
690505762,381
690505762,383
690505762,382
689981474,256
689981474,383
689981474,382
689457186,256
689457186,383
688932898,256
688932898,383
688932898,382
688408610,256
688408610,383
688408610,382
692095010,0
691570722,0
691570722,1
691046434,127
691046434,126
691046434,0
691046434,1
690522146,0
689997858,127
689997858,0
689997858,1
689473570,127
689473570,0
689473570,1
688949282,2
688949282,127
688949282,0
688949282,1
688424994,127
688424994,0
688424994,1
692095010,255
692095010,128
691570722,255
691570722,128
691570722,191
691046434,255
691046434,128
689997858,255
689997858,128
689997858,129
689473570,255
689473570,128
689473570,129
688949282,255
688949282,128
688424994,255
688424994,254
688424994,128
688424994,129
692095010,256
692095010,383
692095010,382
691570722,256
691570722,383
691570722,382
691046434,381
691046434,256
691046434,383
691046434,382
690522146,383
689997858,256
689997858,383
689997858,382
689473570,256
689473570,383
689473570,382
688949282,256
688949282,383
688949282,382
688424994,327
688424994,279
688424994,278
688424994,375
688424994,374
688424994,256
691570978,0
691046690,0
690522402,0
689998114,127
689998114,1
689998114,2
689473826,0
688425250,119
691570978,255
691570978,128
691570978,130
690522402,255
689998114,255
689998114,128
689473826,255
689473826,128
688949538,226
688949538,225
688949538,219
691046690,383
690522402,267
690522402,266
689998114,383
689473826,333
689473826,300
689473826,293
689473826,286
689473826,285
689473826,284
689473826,283
689473826,282
689473826,281
689473826,367
689473826,371
689473826,377
688425250,383
692079138,2
692079138,127
692079138,0
692079138,1
691554850,2
691554850,127
691554850,0
691554850,1
691030562,127
691030562,0
691030562,1
691030562,2
691030562,63
690506274,0
690506274,1
689981986,2
689981986,127
689981986,0
689981986,1
689457698,127
689457698,0
688933410,2
688933410,127
688933410,0
688933410,1
688409122,127
688409122,0
688409122,2
692079138,255
692079138,128
692079138,191
691554850,255
691554850,128
691554850,191
691030562,255
691030562,128
690506274,255
690506274,128
689981986,253
689981986,128
689981986,129
689457698,255
689457698,128
688933410,255
688933410,128
688933410,129
688409122,255
688409122,254
688409122,128
688409122,129
688409122,253
688409122,247
688409122,191
692079138,256
692079138,383
692079138,382
691554850,256
691554850,383
691554850,382
691030562,372
691030562,381
691030562,380
691030562,256
691030562,383
691030562,382
690506274,381
690506274,383
690506274,382
689981986,383
689981986,382
689981986,259
689981986,381
689981986,380
689457698,256
689457698,383
689457698,382
688933410,256
688933410,383
688933410,382
688409122,354
688409122,366
688409122,374
688409122,256
688409122,383
688409122,382
692095522,0
692095522,1
691571234,127
691571234,0
691046946,0
690522658,0
690522658,1
689998370,127
689998370,1
689474082,127
689474082,0
688949794,2
688949794,0
688949794,1
692095522,255
691571234,255
691571234,128
691571234,129
691046946,255
691046946,128
691046946,129
690522658,128
690522658,129
689998370,255
689998370,128
689474082,255
689474082,128
688949794,128
688425506,255
688425506,128
692095522,383
692095522,356
691571234,383
691571234,382
691046946,383
690522658,383
690522658,382
689998370,256
689998370,383
689998370,382
689474082,256
689474082,383
688949794,383
688425506,383
692079394,0
691555106,0
691030818,127
691030818,0
691030818,1
690506530,0
689982242,0
689457954,127
689457954,0
689457954,69
689457954,68
688933666,127
688933666,1
688409378,0
692079394,255
691555106,255
691555106,128
691030818,255
691030818,128
691030818,253
691030818,252
690506530,255
690506530,128
689982242,255
689982242,128
689457954,255
689457954,128
688933666,255
688409378,255
688409378,224
692079394,383
691555106,383
691555106,382
691030818,381
691030818,383
691030818,382
690506530,383
689982242,383
689457954,319
689457954,318
689457954,256
689457954,383
688409378,383
692095778,0
691571490,0
691571490,1
691047202,127
691047202,0
691047202,1
690522914,0
689998626,127
689998626,0
689474338,127
689474338,0
688950050,127
688950050,0
688425762,0
692095778,255
692095778,128
691571490,255
691047202,255
691047202,128
690522914,128
689998626,255
689998626,128
689474338,255
689474338,128
688425762,255
688425762,128
692095778,383
691571490,383
691047202,256
691047202,383
691047202,382
690522914,383
689998626,256
689998626,383
689998626,382
689474338,257
689474338,256
689474338,383
688950050,383
688425762,383
692079648,127
692079648,0
692079648,1
691555360,127
691555360,0
691555360,1
691031072,127
691031072,0
691031072,1
690506784,127
690506784,0
690506784,1
690506784,2
690506784,3
690506784,4
690506784,5
689982496,11
689982496,127
689982496,0
689982496,1
689458208,127
689458208,0
688933920,2
688933920,127
688933920,0
688933920,1
688409632,0
692079648,255
692079648,254
692079648,128
691555360,255
691555360,128
691031072,255
691031072,128
690506784,255
690506784,128
689982496,255
689982496,128
689458208,255
689458208,254
689458208,128
689458208,129
688933920,255
688933920,128
688409632,255
688409632,254
688409632,128
692079648,256
692079648,383
691555360,256
691555360,383
691555360,382
691031072,381
691031072,383
691031072,382
690506784,381
690506784,383
690506784,382
689982496,256
689982496,378
689458208,381
689458208,256
688933920,256
688933920,257
688933920,383
688409632,383
692096032,0
691571744,0
691047456,127
691047456,0
690523168,127
689998880,2
689998880,127
689998880,0
689998880,1
689474592,127
689474592,0
688950304,0
688950304,1
688426016,0
688426016,1
692096032,255
692096032,128
691571744,255
691571744,128
691047456,255
690523168,142
690523168,144
690523168,152
690523168,154
689998880,168
689998880,128
689474592,255
689474592,254
689474592,128
689474592,252
688950304,255
688950304,128
688426016,128
692096032,383
691571744,383
691047456,383
691047456,382
690523168,383
690523168,382
689998880,256
689998880,383
689998880,382
689474592,273
689474592,272
689474592,256
689474592,383
688950304,256
688950304,383
688426016,383
692079904,29
692079904,28
692079904,0
691031328,0
690507040,0
689982752,127
689982752,0
689458464,127
689458464,0
692079904,255
692079904,128
691555616,128
691031328,128
690507040,128
689982752,232
689982752,150
689458464,255
688409888,255
691555616,369
691031328,383
690507040,381
690507040,383
690507040,382
689982752,383
689458464,383
688934176,383
688409888,369
688409888,370
692096288,0
691572000,0
691047712,127
691047712,0
691047712,1
690523424,0
689999136,127
689999136,0
689999136,1
689474848,127
689474848,0
688950560,127
688950560,0
688426272,0
692096288,255
692096288,128
691047712,255
691047712,128
690523424,128
689999136,255
689999136,128
689474848,255
689474848,128
688426272,255
688426272,128
692096288,383
692096288,382
691572000,383
691047712,381
691047712,383
691047712,382
690523424,381
690523424,383
689999136,383
688950560,383
688426272,383
692080160,0
691555872,0
691031584,0
691031584,1
690507296,0
689983008,0
689458720,127
689458720,0
689458720,1
688934432,127
688934432,0
688410144,0
692080160,255
691555872,255
691555872,128
691031584,255
691031584,128
690507296,144
689983008,168
689983008,128
689458720,255
689458720,128
688410144,255
688410144,128
692080160,383
691555872,383
691031584,383
690507296,383
689983008,256
689983008,383
689458720,256
689458720,383
688934432,256
688934432,257
688934432,383
688410144,383
692096544,0
692096544,1
691572256,0
691572256,1
691047968,0
690523680,127
690523680,0
689999392,0
689475104,127
689475104,0
688950816,0
688426528,0
691572256,255
691572256,128
691047968,255
691047968,128
690523680,144
689999392,167
689999392,128
689475104,255
689475104,254
689475104,128
689475104,129
692096544,383
691572256,383
691572256,381
691047968,318
691047968,383
690523680,383
689999392,383
689475104,256
689475104,383
688950816,383
688426528,383
691031840,0
690507552,0
689983264,127
689983264,0
689983264,1
689458976,127
689458976,0
688410400,127
688410400,0
691556128,255
691556128,128
691031840,255
691031840,128
691031840,383
690507552,383
690507552,382
689983264,383
689458976,383
692096800,0
691572512,0
691048224,127
691048224,0
691048224,1
691048224,2
690523936,127
690523936,0
690523936,1
689999648,127
689999648,0
689999648,1
689475360,127
689475360,0
689475360,1
689475360,2
689475360,4
689475360,6
688951072,127
688951072,0
688951072,1
688426784,127
688426784,4
692096800,255
692096800,128
691572512,255
691572512,128
691048224,255
691048224,128
690523936,255
690523936,128
689999648,255
689999648,254
689999648,128
689475360,255
689475360,128
688951072,255
688951072,128
688426784,255
688426784,128
688426784,144
688426784,149
692096800,383
691572512,383
691048224,265
691048224,264
691048224,383
690523936,377
690523936,376
690523936,381
690523936,380
690523936,256
690523936,383
690523936,382
689999648,381
689999648,256
689999648,383
689999648,382
689475360,381
689475360,257
689475360,256
689475360,383
689475360,382
688951072,383
688426784,383
691556384,0
691032096,0
689459232,127
689459232,0
688934944,0
691556384,128
691032096,255
691032096,128
689459232,255
689459232,254
689459232,128
689459232,129
691556384,383
691032096,383
690507808,383
689459232,256
689459232,383
691572768,0
691048480,0
689999904,0
689475616,127
689475616,0
689475616,1
688951328,0
692097056,255
691572768,255
691572768,128
691048480,255
691048480,128
690524192,142
690524192,144
690524192,154
689475616,255
689475616,128
688427040,255
691572768,383
691048480,383
689475616,256
689475616,383
688427040,375
691032352,0
690508064,0
689983776,0
689459488,0
692080928,255
691556640,255
691556640,128
690508064,128
689983776,128
689459488,255
691032352,383
691032352,382
690508064,383
689983776,383
691573024,0
691048736,0
691048736,1
690524448,0
690000160,127
690000160,0
689475872,127
689475872,0
689475872,1
692097312,255
691573024,255
691573024,128
691048736,255
690000160,128
689475872,255
689475872,128
691048736,383
690524448,383
690524448,382
690000160,383
689475872,383
692079650,0
692079650,1
691555362,2
691555362,127
691555362,0
691555362,1
691031074,127
691031074,126
691031074,0
691031074,1
691031074,2
691031074,63
690506786,127
690506786,0
690506786,1
689982498,2
689982498,127
689982498,0
689982498,1
689458210,127
689458210,0
689458210,1
688933922,2
688933922,127
688933922,0
688933922,1
688409634,127
688409634,0
688409634,1
688409634,2
692079650,255
692079650,254
692079650,128
692079650,191
691555362,255
691555362,128
691555362,191
691031074,255
691031074,254
691031074,128
691031074,129
691031074,191
690506786,255
690506786,128
689982498,255
689982498,128
689982498,129
689458210,255
689458210,254
689458210,128
689458210,129
688933922,254
688933922,255
688933922,128
688409634,255
688409634,254
688409634,128
688409634,129
688409634,191
692079650,256
692079650,383
692079650,382
691555362,256
691555362,383
691555362,382
691031074,381
691031074,256
691031074,383
691031074,382
690506786,381
690506786,256
690506786,383
690506786,382
689982498,256
689982498,383
689982498,382
689982498,381
689458210,256
689458210,383
689458210,382
688933922,256
688933922,383
688933922,382
688933922,381
688409634,256
688409634,383
688409634,382
692096034,0
692096034,1
691571746,2
691571746,127
691571746,0
691571746,1
691047458,127
691047458,0
691047458,1
690523170,0
689998882,2
689998882,127
689998882,0
689998882,1
689474594,127
689474594,0
689474594,1
688950306,2
688950306,127
688950306,0
688950306,1
688426018,127
688426018,0
692096034,255
692096034,128
691571746,255
691571746,128
691047458,255
691047458,128
690523170,128
689998882,255
689998882,128
689474594,255
689474594,254
689474594,128
689474594,129
688950306,255
688950306,128
688426018,255
688426018,128
688426018,129
692096034,256
692096034,383
692096034,382
691571746,256
691571746,383
691571746,382
691047458,381
691047458,256
691047458,383
691047458,382
690523170,383
689998882,256
689998882,383
689998882,382
689474594,256
689474594,383
689474594,382
688950306,256
688950306,383
688950306,382
688426018,383
688426018,382
692079906,4
691555618,127
691555618,0
691555618,1
691031330,127
691031330,0
691031330,1
690507042,127
690507042,0
689982754,127
689982754,0
689458466,127
689458466,126
689458466,0
689458466,1
689458466,2
689458466,63
688934178,127
688934178,0
688934178,1
688409890,127
688409890,0
692079906,255
692079906,128
692079906,191
691555618,255
691555618,254
691555618,128
691031330,255
691031330,128
690507042,255
690507042,128
689982754,255
689982754,254
689982754,128
689458466,255
689458466,128
688934178,255
688934178,128
688409890,255
688409890,254
688409890,128
692079906,256
692079906,383
691555618,383
691031330,256
691031330,383
691031330,382
690507042,256
690507042,383
690507042,382
689982754,256
689982754,383
689982754,382
689458466,381
689458466,257
689458466,256
689458466,383
689458466,382
688934178,383
688409890,256
688409890,383
688409890,382
692096290,111
692096290,0
691572002,0
691047714,127
691047714,0
691047714,1
690523426,127
690523426,0
690523426,1
689999138,127
689999138,0
689999138,1
689474850,127
689474850,0
688950562,127
688950562,126
688950562,0
688950562,125
688950562,121
688426274,127
688426274,10
692096290,255
691572002,255
691572002,128
691047714,255
691047714,128
690523426,254
690523426,128
689999138,255
689999138,128
689474850,255
689474850,128
688426274,255
688426274,128
692096290,383
691047714,383
690523426,256
690523426,383
689999138,383
689474850,256
689474850,383
689474850,382
688426274,383
688410146,0
691555874,255
691555874,128
691031586,255
691031586,128
690507298,128
690507298,129
690507298,244
690507298,242
690507298,142
690507298,144
690507298,234
690507298,232
690507298,152
690507298,154
690507298,217
690507298,208
689983010,213
689983010,168
689983010,167
689983010,160
689983010,128
689458722,255
689458722,254
689458722,128
689458722,129
688410146,255
688410146,128
691555874,383
691555874,382
691031586,383
690507298,259
690507298,257
690507298,383
689983010,256
689983010,383
689983010,382
689458722,256
689458722,383
689458722,382
688934434,256
688934434,383
688934434,382
692096546,2
692096546,0
692096546,1
691572258,127
691572258,0
691572258,1
691047970,0
690523682,127
690523682,0
689999394,127
689999394,0
689999394,1
689475106,127
689475106,0
688950818,0
688950818,1
688426530,127
688426530,0
688426530,1
688426530,2
688426530,3
692096546,255
692096546,128
691572258,255
691572258,128
691047970,255
691047970,128
689999394,168
689999394,167
689999394,160
689999394,128
689475106,255
689475106,128
688950818,255
688426530,255
688426530,254
688426530,128
692096546,256
692096546,383
691572258,383
691572258,382
691047970,383
691047970,382
690523682,383
690523682,382
689999394,256
689999394,383
689999394,382
689475106,258
689475106,380
688950818,256
688426530,381
688426530,256
691031842,127
691031842,0
691031842,1
690507554,0
689983266,0
689983266,1
689458978,127
689458978,0
688934690,0
688410402,0
692080418,255
692080418,128
691031842,255
691031842,128
689983266,255
689983266,128
689458978,255
689458978,128
691556130,380
691031842,383
690507554,383
689983266,383
689458978,383
688410402,383
691048226,0
689999650,127
689999650,0
689475362,127
689475362,0
691048226,128
690523938,254
689999650,128
689475362,255
689475362,128
692096802,383
691048226,381
691048226,383
691048226,382
690523938,383
689999650,383
689475362,256
689475362,383
692080674,0
691556386,0
691032098,127
691032098,0
690507810,127
690507810,0
689983522,126
689983522,127
689983522,0
689459234,127
689459234,0
688934946,0
688410658,0
692080674,255
692080674,128
691556386,255
691556386,128
691032098,255
691032098,128
689983522,151
689983522,150
689983522,237
689983522,144
689983522,143
689459234,255
689459234,254
689459234,128
688410658,255
688410658,128
692080674,383
691556386,256
691556386,383
691556386,382
691556386,381
691556386,372
691032098,256
691032098,383
690507810,383
689983522,256
689983522,383
689459234,256
689459234,383
688934946,383
688410658,383
691572770,0
691048482,0
690524194,127
690524194,119
690524194,117
689999906,0
689999906,1
689475618,127
689475618,0
688427042,0
692097058,255
692097058,128
691572770,128
691048482,255
691048482,128
690524194,129
690524194,144
689999906,237
689475618,255
689475618,254
689475618,128
689475618,129
688427042,128
692097058,383
691572770,383
691048482,383
690524194,383
689999906,256
689999906,383
689475618,256
689475618,383
688951330,256
688951330,383
688427042,383
691556642,0
691032354,0
691032354,1
690508066,0
690508066,1
689983778,127
689983778,0
689459490,127
689459490,0
689459490,2
688935202,127
688935202,0
688410914,127
688410914,0
692080930,255
691556642,255
691556642,128
691032354,255
691032354,128
691032354,146
691032354,147
690508066,255
690508066,128
689983778,255
689983778,128
688410914,255
688410914,128
691032354,383
690508066,383
691573026,0
691048738,0
690524450,0
690000162,127
690000162,0
689475874,127
689475874,0
691573026,255
691048738,128
691573026,383
691048738,256
691048738,383
690524450,383
690000162,257
690000162,256
690000162,383
689475874,256
689475874,383
688951586,383
692081184,1
691556896,127
691556896,0
691556896,1
691032608,127
691032608,0
691032608,1
689984032,127
689984032,0
689984032,1
689459744,127
689459744,0
689459744,1
688935456,127
688935456,0
688935456,1
688411168,127
688411168,0
692081184,255
692081184,128
691556896,255
691556896,128
691032608,255
691032608,128
689984032,255
689984032,128
689459744,255
689459744,128
688935456,255
688935456,128
688411168,255
688411168,128
692081184,256
692081184,383
692081184,382
691556896,383
691556896,264
691032608,383
691032608,382
690508320,381
689984032,256
689984032,383
689984032,382
689459744,256
689459744,383
689459744,382
688935456,256
688935456,383
688935456,382
692097568,0
692097568,1
691573280,0
691573280,1
691048992,0
690524704,0
690000416,0
690000416,1
689476128,127
689476128,0
689476128,1
688951840,2
688951840,0
688951840,1
688427552,89
688427552,88
688427552,38
692097568,255
691573280,255
691573280,128
691048992,255
691048992,128
689476128,255
689476128,254
689476128,128
689476128,129
688951840,255
688427552,255
691573280,383
691573280,382
691573280,381
691573280,380
691048992,383
690524704,383
690000416,256
690000416,383
689476128,256
689476128,383
688951840,383
688427552,383
692081440,0
691557152,0
691032864,127
691032864,0
691032864,1
690508576,0
690508576,1
689984288,127
689984288,0
689984288,1
689460000,127
689460000,0
689460000,1
688935712,0
692081440,255
691557152,255
691557152,128
691557152,164
691557152,166
691557152,167
691032864,255
691032864,128
690508576,255
690508576,128
689984288,128
689460000,255
689460000,128
688411424,255
688411424,128
692081440,383
691032864,313
691032864,312
691032864,383
690508576,383
689984288,383
689460000,383
691049248,0
690524960,0
690000672,127
690000672,0
689476384,127
689476384,0
688952096,127
688952096,0
688427808,0
691573536,255
691049248,255
691049248,128
690524960,128
688952096,255
688427808,255
691573536,383
691049248,383
690524960,383
690524960,382
689476384,256
689476384,383
692081696,0
692081696,1
691557408,0
691033120,0
691033120,1
690508832,0
689984544,0
689984544,1
689460256,127
689460256,0
689460256,4
689460256,13
688935968,127
688935968,0
688935968,1
688411680,55
692081696,255
691557408,255
691557408,128
691033120,255
691033120,128
690508832,128
689984544,255
689984544,128
689460256,255
689460256,128
688935968,255
688411680,255
692081696,383
692081696,363
692081696,361
692081696,360
691557408,383
691557408,382
691557408,381
691033120,383
690508832,382
689984544,256
689984544,378
689984544,262
689984544,267
689984544,269
689460256,256
689460256,383
688935968,383
692098080,0
691573792,0
691573792,1
691049504,127
691049504,0
691049504,1
690000928,0
689476640,127
689476640,0
688952352,0
688428064,0
692098080,255
692098080,128
691573792,255
691049504,255
691049504,128
690000928,128
689476640,255
689476640,254
689476640,128
688428064,255
688428064,128
691573792,383
691573792,382
691573792,354
691049504,383
690525216,383
690000928,383
690000928,382
689476640,256
689476640,383
688952352,256
688952352,383
691557664,127
691557664,0
691033376,0
689984800,127
689984800,0
689460512,127
689460512,0
688411936,0
691557664,128
691033376,128
690509088,128
689984800,255
689984800,128
689984800,129
688411936,255
691033376,383
690509088,383
690509088,382
689984800,383
689460512,383
691049760,0
690525472,0
690001184,127
690001184,0
688952608,0
688428320,0
691574048,128
690001184,255
690001184,128
688428320,255
691049760,383
690525472,383
690001184,383
689476896,383
692082208,0
691557920,0
691557920,1
691033632,127
691033632,0
691033632,1
690509344,0
690509344,1
689985056,127
689985056,0
689985056,1
689460768,127
689460768,0
689460768,1
688936480,125
688936480,126
688936480,127
688936480,0
688936480,1
688412192,127
688412192,0
688412192,1
692082208,255
692082208,128
691557920,255
691557920,128
691557920,129
691033632,255
691033632,128
690509344,255
689985056,213
689985056,214
689985056,168
689985056,167
689985056,220
689985056,221
689985056,160
689985056,128
689460768,255
689460768,254
689460768,128
689460768,129
688412192,255
688412192,254
688412192,128
688412192,129
692082208,383
691557920,383
691557920,382
691033632,383
690509344,383
689985056,256
689985056,383
689460768,256
689460768,383
689460768,382
688936480,256
688936480,383
688412192,383
688412192,382
692098592,0
691574304,0
691574304,1
691050016,0
690525728,0
690001440,127
690001440,0
690001440,1
689477152,127
689477152,126
689477152,0
688952864,0
688952864,1
688428576,0
692098592,255
692098592,128
691574304,255
691574304,128
691050016,255
691050016,128
690001440,255
689477152,255
689477152,128
689477152,129
688952864,255
688952864,128
688428576,255
688428576,128
692098592,383
691574304,383
691574304,382
691050016,381
691050016,383
691050016,382
690525728,383
690525728,382
690001440,383
690001440,382
689477152,256
689477152,383
689477152,382
688952864,383
688952864,382
688428576,383
692082464,0
691558176,0
691033888,0
690509600,0
689985312,127
689985312,0
689985312,1
689461024,127
689461024,0
689461024,1
689461024,2
689461024,3
689461024,4
689461024,5
689461024,6
688412448,127
688412448,0
692082464,255
692082464,128
691558176,255
691558176,128
691033888,255
691033888,128
690509600,255
690509600,128
689985312,255
689985312,128
689461024,255
689461024,128
688936736,128
688412448,255
688412448,128
688412448,222
688412448,221
692082464,383
691558176,383
691558176,382
691558176,381
691033888,381
691033888,383
691033888,382
690509600,383
689985312,256
689985312,383
689985312,382
689461024,381
689461024,256
689461024,383
689461024,382
688936736,383
688412448,383
692098848,0
691574560,64
691574560,2
691574560,127
691574560,0
691574560,1
691050272,127
691050272,0
691050272,1
690525984,127
690525984,0
690525984,1
690001696,127
690001696,0
690001696,1
689477408,127
689477408,126
689477408,0
689477408,1
689477408,2
688953120,127
688953120,0
688428832,127
688428832,0
692098848,255
692098848,128
691574560,255
691574560,128
691050272,255
691050272,128
690525984,255
690525984,128
690001696,255
690001696,128
689477408,255
689477408,128
688953120,255
688953120,128
688428832,255
688428832,128
692098848,383
691574560,256
691574560,383
691574560,382
691050272,381
691050272,256
691050272,383
691050272,382
690525984,381
690525984,256
690525984,383
690525984,382
690001696,256
690001696,383
690001696,382
689477408,381
689477408,257
689477408,256
689477408,383
689477408,382
688953120,256
688953120,383
688953120,382
688428832,256
688428832,383
692081186,127
692081186,0
692081186,1
691556898,127
691556898,0
691556898,1
691032610,127
691032610,0
691032610,1
690508322,0
689984034,127
689984034,0
689984034,1
689459746,127
689459746,0
689459746,1
688935458,127
688935458,0
688411170,127
688411170,0
688411170,1
692081186,255
692081186,254
692081186,128
692081186,191
691556898,255
691556898,128
691556898,129
691032610,255
691032610,128
690508322,255
690508322,128
689984034,255
689984034,128
689459746,255
689459746,254
689459746,128
689459746,129
688935458,130
688935458,128
688935458,129
688411170,255
688411170,254
688411170,128
692081186,256
692081186,383
692081186,382
691556898,256
691556898,383
691556898,382
691556898,381
691032610,256
691032610,383
691032610,382
690508322,381
690508322,383
690508322,382
689984034,256
689984034,383
689984034,382
689459746,256
689459746,383
689459746,382
688935458,256
688935458,383
688935458,382
688411170,256
688411170,383
688411170,382
692081442,2
692081442,127
692081442,0
692081442,1
691557154,127
691557154,0
691557154,1
691032866,127
691032866,0
691032866,1
690508578,127
690508578,0
690508578,1
689984290,127
689984290,0
689984290,1
689460002,127
689460002,126
689460002,0
689460002,1
689460002,2
689460002,63
688935714,127
688935714,0
688935714,1
688935714,2
688411426,127
688411426,126
688411426,0
688411426,1
688411426,101
688411426,95
688411426,63
692081442,255
692081442,128
692081442,191
691557154,255
691557154,128
691032866,255
691032866,128
690508578,255
690508578,128
689984290,255
689984290,128
689460002,255
689460002,128
688935714,255
688935714,254
688935714,128
688411426,255
688411426,128
692081442,256
692081442,383
692081442,382
691557154,256
691557154,383
691557154,382
691032866,256
691032866,383
691032866,382
690508578,379
690508578,257
690508578,256
690508578,383
690508578,382
689984290,379
689984290,378
689984290,257
689984290,256
689460002,381
689460002,257
689460002,256
689460002,383
689460002,382
688935714,256
688935714,383
688935714,382
688411426,256
688411426,383
688411426,382
688427810,127
688427810,126
688427810,0
692097826,255
691573538,255
691573538,128
691049250,255
691049250,128
691049250,129
690524962,255
690524962,128
690524962,129
690000674,255
690000674,128
690000674,129
689476386,255
689476386,254
689476386,128
689476386,129
688952098,255
688952098,128
688952098,129
688427810,162
688427810,166
691573538,256
691573538,383
691573538,382
691049250,319
691049250,330
691049250,337
691049250,364
690000674,383
689476386,383
688427810,383
692081698,2
692081698,0
692081698,1
691557410,0
691557410,1
691033122,127
691033122,0
691033122,1
690508834,0
689984546,0
689984546,1
689460258,127
689460258,0
688935970,127
688935970,0
688935970,1
688411682,0
692081698,255
692081698,128
691557410,255
691557410,128
691033122,255
691033122,128
690508834,128
689984546,255
689984546,128
689460258,255
689460258,254
689460258,128
688935970,255
688411682,255
688411682,128
692081698,383
691557410,256
691557410,383
691557410,382
691033122,256
691033122,383
691033122,382
690508834,383
690508834,382
689984546,256
689984546,383
689984546,382
689460258,256
689460258,383
688935970,256
688935970,383
688411682,373
688411682,379
688411682,382
692098082,74
692098082,75
692098082,0
691573794,0
691049506,127
691049506,0
690525218,0
690000930,6
690000930,126
690000930,127
689476642,127
689476642,0
689476642,1
688952354,0
688428066,127
688428066,124
688428066,7
691573794,128
691049506,255
691049506,128
689476642,255
689476642,254
689476642,128
689476642,129
692098082,383
691573794,383
691049506,383
690525218,381
690525218,383
690525218,382
690000930,383
689476642,256
689476642,383
688952354,383
688428066,383
692081954,0
691557666,0
691033378,127
691033378,0
690509090,0
689984802,127
689984802,0
689984802,1
689460514,127
689460514,126
689460514,0
689460514,1
688936226,127
688936226,0
688411938,0
692081954,255
692081954,128
691557666,255
691557666,128
691033378,255
691033378,128
690509090,255
689984802,255
689984802,128
689460514,255
689460514,128
688936226,255
688936226,128
688411938,255
688411938,128
688411938,129
691557666,383
691033378,383
691033378,382
690509090,383
689984802,256
689984802,383
689984802,382
689460514,256
689460514,383
688936226,383
688411938,366
691574050,0
691049762,127
691049762,0
691049762,93
690525474,0
690001186,127
690001186,0
689476898,127
689476898,0
689476898,1
688952610,127
688952610,0
688428322,0
692098338,255
692098338,128
692098338,195
692098338,194
691049762,255
691049762,128
690525474,129
690001186,255
690001186,128
689476898,255
689476898,128
688428322,255
688428322,128
691049762,381
691049762,383
691049762,382
690525474,381
690525474,380
690001186,278
690001186,377
690001186,258
689476898,256
689476898,383
688952610,383
688428322,383
692082210,110
692082210,0
691557922,0
691033634,0
690509346,0
689985058,127
689985058,0
689985058,1
689460770,127
689460770,0
689460770,1
688936482,2
688936482,0
688936482,1
688412194,127
688412194,2
692082210,255
692082210,128
691557922,255
691557922,128
691033634,255
691033634,128
689985058,255
689985058,128
689460770,255
689460770,254
689460770,128
688936482,254
688936482,255
688936482,128
688412194,255
688412194,128
691033634,383
690509346,383
689985058,256
689985058,383
689985058,382
689460770,379
688936482,256
688936482,377
688412194,383
692098594,2
692098594,127
692098594,1
691574306,2
691574306,127
691574306,0
691574306,1
691050018,127
691050018,0
691050018,1
690525730,0
690001442,2
690001442,127
690001442,0
690001442,1
689477154,127
689477154,2
688952866,43
688952866,95
688952866,101
688952866,104
688952866,4
688952866,3
688952866,127
688428578,3
692098594,255
692098594,128
692098594,183
692098594,182
692098594,191
691574306,255
691574306,128
691574306,191
691050018,255
691050018,128
691050018,191
690525730,255
690001442,255
690001442,128
689477154,255
689477154,254
689477154,128
689477154,129
689477154,253
688952866,255
688952866,128
688428578,255
688428578,254
688428578,128
688428578,129
688428578,191
692098594,256
692098594,383
691574306,256
691574306,383
691574306,382
691050018,381
691050018,257
690525730,301
690525730,383
690001442,256
690001442,383
690001442,382
689477154,265
689477154,260
689477154,381
689477154,256
689477154,383
689477154,382
688952866,256
688952866,257
688952866,383
688952866,258
688952866,374
688428578,273
688428578,371
688428578,372
688428578,256
688428578,383
688428578,382
692082466,20
692082466,0
691558178,0
691558178,1
691033890,127
691033890,0
690509602,127
690509602,0
690509602,1
689985314,127
689985314,0
689461026,127
689461026,126
689461026,0
689461026,1
688936738,127
688936738,126
688936738,0
688936738,1
688412450,127
688412450,126
688412450,0
688412450,1
692082466,255
692082466,128
692082466,249
692082466,248
691558178,255
691558178,128
691558178,129
691033890,255
691033890,128
690509602,255
690509602,128
689985314,255
689985314,128
689461026,255
689461026,128
688936738,255
688936738,128
688412450,255
688412450,254
688412450,128
692082466,383
692082466,278
692082466,279
691558178,256
691558178,383
691033890,383
691033890,382
690509602,381
690509602,383
690509602,382
689985314,381
689985314,256
689985314,383
689985314,382
689461026,256
689461026,383
689461026,382
688936738,383
688412450,256
688412450,383
688412450,382
692098850,29
692098850,28
692098850,0
691574562,127
691574562,0
691574562,1
691050274,127
691050274,0
691050274,1
690525986,127
690525986,0
690525986,1
690001698,127
690001698,0
690001698,1
689477410,127
689477410,126
689477410,0
689477410,1
689477410,2
689477410,63
688953122,127
688953122,126
688953122,0
688953122,1
688428834,0
692098850,255
692098850,128
691574562,255
691574562,128
691050274,255
691050274,128
690525986,255
690525986,128
688428834,245
688428834,243
688428834,166
692098850,383
692098850,362
691574562,256
691574562,383
691050274,381
691050274,256
691050274,383
691050274,382
690525986,381
690525986,256
690525986,383
690525986,382
690001698,319
690001698,381
690001698,257
690001698,256
690001698,383
690001698,382
689477410,377
689477410,379
689477410,258
689477410,381
689477410,380
689477410,257
689477410,256
689477410,383
689477410,382
688953122,256
688953122,383
688953122,382
688428834,320
688428834,324
688428834,326
688428834,340
688428834,343
688428834,286
688428834,282
692082720,0
691558432,0
691034144,127
691034144,0
691034144,1
689985568,127
689985568,0
689985568,1
689461280,127
689461280,0
688936992,0
688412704,0
692082720,255
692082720,128
691558432,255
691558432,128
691034144,255
691034144,128
689985568,168
689985568,167
689985568,160
689985568,128
689461280,255
689461280,128
689461280,129
688412704,255
688412704,128
691558432,383
691034144,383
690509856,383
689985568,256
689985568,383
689985568,382
689461280,256
689461280,383
689461280,382
688936992,256
688936992,383
688412704,383
691558944,0
691034656,127
691034656,126
691034656,0
691034656,1
689986080,127
689986080,0
689986080,1
689461792,127
689461792,0
689461792,1
688937504,0
688937504,1
688413216,127
688413216,0
692083232,255
692083232,128
691558944,255
691558944,254
691558944,128
691034656,255
691034656,128
690510368,142
690510368,144
690510368,152
690510368,154
689986080,128
689461792,255
689461792,254
689461792,128
688937504,255
688937504,128
688413216,255
688413216,128
692083232,383
691558944,383
691034656,383
689986080,256
689986080,383
689986080,382
689461792,256
689461792,383
688937504,256
688937504,383
688413216,383
692099616,0
688429600,127
688429600,0
688429600,1
688429600,17
688429600,18
692099616,255
692099616,128
691575328,255
691575328,128
691575328,129
691051040,255
691051040,128
691051040,129
690002464,128
689478176,255
689478176,254
689478176,128
688953888,128
688429600,255
688429600,128
691575328,256
691575328,383
691575328,382
691051040,383
691051040,382
690526752,383
690002464,256
690002464,383
690002464,382
689478176,256
689478176,383
689478176,382
688953888,256
688953888,383
688429600,383
691034912,0
690510624,0
690510624,1
690510624,2
690510624,3
690510624,6
690510624,7
689986336,127
689986336,0
689462048,127
689462048,0
688937760,0
688413472,0
689986336,128
689462048,255
688937760,225
691034912,383
691034912,382
690510624,383
690510624,382
689986336,383
689462048,383
691051296,0
690527008,0
690002720,0
689478432,127
689478432,0
688954144,127
688954144,0
688429856,110
688429856,16
691575584,128
691051296,128
690002720,128
689478432,255
688429856,255
691051296,383
690527008,383
690002720,383
689478432,383
692083744,2
692083744,127
692083744,0
692083744,1
691559456,2
691559456,127
691559456,0
691559456,1
691035168,127
691035168,0
691035168,1
690510880,127
690510880,0
690510880,1
689986592,2
689986592,127
689986592,0
689986592,1
689462304,127
689462304,0
689462304,1
688938016,2
688938016,126
688938016,127
688938016,0
688938016,1
688413728,127
688413728,0
688413728,1
688413728,2
692083744,255
692083744,128
692083744,129
692083744,191
689986592,255
689986592,128
689462304,255
689462304,254
689462304,128
689462304,129
689462304,253
689462304,191
688938016,255
688938016,128
688938016,129
688413728,255
688413728,254
688413728,128
688413728,129
688413728,253
688413728,191
692083744,256
692083744,383
692083744,382
688413728,371
688413728,381
688413728,256
688413728,383
688413728,382
692100128,0
691575840,0
691575840,1
691051552,127
691051552,0
691051552,1
690527264,127
690527264,0
690002976,127
690002976,0
690002976,1
689478688,127
689478688,0
689478688,1
688954400,0
688430112,127
688430112,0
692100128,255
692100128,128
691575840,255
691575840,128
691575840,129
691051552,255
691051552,128
690002976,168
689478688,255
689478688,254
689478688,128
688954400,255
688954400,128
688430112,255
688430112,128
692100128,256
692100128,383
692100128,382
692100128,362
692100128,356
692100128,354
691575840,256
691575840,383
691575840,382
691051552,256
691051552,383
691051552,382
690527264,381
690527264,383
690527264,382
690002976,383
690002976,301
689478688,256
689478688,383
689478688,382
688954400,256
688954400,383
688430112,256
688430112,383
688430112,382
690511136,0
689986848,127
689986848,0
689462560,127
689462560,0
688938272,6
688938272,119
688413984,119
688413984,118
689986848,128
689462560,255
691035424,383
690511136,383
689986848,383
688413984,286
691051808,0
691051808,1
690527520,0
690003232,127
690003232,0
689478944,127
689478944,0
688954656,127
688954656,0
690003232,128
689478944,255
689478944,173
689478944,209
691051808,383
690527520,274
690527520,273
690527520,272
690527520,271
690527520,383
690003232,383
689478944,256
689478944,383
692082722,0
691558434,127
691558434,0
691034146,127
691034146,0
690509858,127
690509858,0
690509858,119
690509858,117
689985570,127
689985570,0
689985570,1
689461282,127
689461282,0
688936994,127
688936994,0
688412706,0
688412706,1
688412706,2
691558434,255
691558434,128
691034146,255
691034146,128
690509858,129
690509858,142
690509858,144
690509858,152
690509858,154
689985570,255
689985570,128
689461282,255
689461282,254
689461282,128
689461282,129
688412706,255
688412706,128
692082722,256
692082722,383
692082722,382
691558434,383
691034146,256
691034146,383
690509858,259
690509858,383
689985570,256
689985570,383
689461282,256
689461282,383
688936994,256
688936994,383
688412706,329
688412706,383
692099106,0
692099106,1
691574818,0
691574818,1
691050530,0
690001954,0
689477666,127
689477666,0
688953378,0
688953378,1
688429090,0
691574818,255
691574818,128
691050530,255
691050530,128
690526242,129
690526242,142
690526242,144
690526242,154
689477666,255
689477666,128
688429090,255
692099106,383
691574818,383
691050530,315
691050530,314
691050530,383
690001954,383
689477666,256
689477666,383
688429090,383
691034402,0
691034402,1
690510114,0
689985826,127
689985826,0
692082978,255
692082978,128
691558690,255
691558690,128
691034402,255
691034402,128
689985826,128
689461538,255
689461538,128
691034402,383
691034402,382
690510114,383
689985826,256
689985826,383
689461538,383
692099362,109
692099362,110
692099362,0
691575074,0
691050786,127
691050786,0
690526498,0
690002210,0
689477922,127
689477922,0
688429346,0
688429346,119
692099362,255
692099362,128
691575074,255
691575074,128
691050786,255
691050786,128
691050786,185
691050786,184
690002210,128
689477922,255
689477922,128
691050786,383
691050786,382
690526498,383
690002210,257
690002210,256
690002210,383
690002210,382
689477922,383
692083234,0
692083234,1
691558946,0
691034658,127
691034658,0
691034658,1
691034658,4
691034658,6
691034658,13
690510370,127
690510370,0
689986082,0
689986082,1
689461794,127
689461794,0
689461794,1
688937506,127
688413218,127
688413218,69
688413218,62
692083234,255
692083234,128
691558946,255
691558946,128
691034658,255
691034658,128
691034658,129
690510370,128
690510370,129
689986082,128
689461794,255
689461794,254
689461794,128
689461794,129
688937506,128
688413218,255
688413218,128
692083234,256
692083234,383
692083234,382
692083234,381
692083234,350
691558946,256
691558946,383
691558946,382
691558946,380
691034658,381
691034658,256
691034658,383
691034658,382
690510370,379
689986082,256
689986082,381
689461794,256
689461794,383
689461794,382
688937506,256
688937506,383
688413218,256
688413218,383
688413218,382
692099618,0
691575330,0
691575330,1
691051042,127
691051042,2
690002466,127
690002466,0
690002466,1
689478178,127
689478178,0
688953890,127
688953890,0
692099618,255
692099618,128
691575330,255
691575330,128
691051042,255
691051042,128
690002466,213
689478178,255
689478178,128
688429602,255
688429602,128
691575330,383
691051042,383
690526754,383
690002466,256
690002466,383
689478178,256
689478178,383
688953890,256
688953890,383
688429602,383
692083490,0
691559202,0
691034914,0
690510626,0
689986338,127
689986338,0
689986338,1
689462050,127
689462050,0
688413474,127
688413474,0
691559202,255
691559202,128
689986338,255
689986338,128
689462050,255
689462050,128
688413474,255
688413474,128
692083490,383
691559202,383
691034914,383
690510626,383
689986338,383
689462050,383
688413474,383
692099874,0
691575586,0
691051298,127
691051298,0
690002722,127
690002722,0
689478434,127
689478434,0
688954146,105
688954146,104
688429858,117
692099874,128
692099874,194
692099874,188
691575586,255
691575586,128
689478434,255
688429858,128
692099874,284
692099874,285
691575586,383
691051298,383
690527010,382
690002722,383
688429858,383
692083746,2
692083746,127
692083746,0
692083746,1
691559458,127
691559458,0
691559458,1
691035170,127
691035170,0
691035170,1
690510882,127
690510882,0
690510882,119
690510882,117
689986594,2
689986594,127
689986594,0
689986594,1
689462306,127
689462306,0
689462306,1
688938018,2
688938018,127
688938018,0
688938018,1
688413730,127
688413730,0
688413730,1
692083746,255
692083746,128
691559458,255
691559458,128
691035170,255
691035170,128
690510882,129
690510882,142
690510882,144
690510882,232
690510882,154
689986594,255
689986594,128
689462306,255
689462306,254
689462306,128
689462306,129
688938018,255
688938018,128
688413730,255
688413730,254
688413730,128
692083746,256
692083746,383
692083746,382
691559458,256
691559458,383
691559458,382
691035170,381
691035170,256
691035170,383
691035170,382
690510882,383
689986594,256
689986594,383
689986594,382
689462306,381
689462306,256
689462306,383
689462306,382
688938018,256
688938018,383
688938018,382
688938018,381
688413730,381
688413730,256
688413730,383
688413730,382
692100130,0
692100130,1
691575842,127
691575842,0
691575842,1
691051554,0
690527266,0
690002978,127
690002978,0
690002978,1
689478690,127
689478690,1
689478690,2
688954402,2
688954402,0
688954402,1
688430114,0
692100130,255
692100130,128
691575842,255
691051554,255
691051554,128
690002978,168
690002978,167
689478690,255
689478690,254
689478690,128
689478690,129
688954402,255
688430114,255
688430114,128
692100130,383
691575842,256
691575842,383
691575842,382
691051554,383
691051554,382
690527266,383
690527266,382
690002978,256
690002978,383
690002978,382
690002978,381
689478690,256
689478690,383
688954402,256
688954402,383
688430114,256
688430114,383
689986850,0
688938274,127
688938274,126
688938274,125
688938274,124
688938274,122
691559714,128
689986850,255
689986850,128
689986850,129
689462562,255
689462562,128
691035426,383
690511138,383
691051810,0
690527522,0
690003234,127
690003234,0
690003234,19
690003234,20
689478946,0
692100386,128
691576098,255
691051810,383
691051810,382
690527522,383
690003234,383
689478946,383
688954658,383
692084256,0
692084256,1
691559968,4
691559968,2
691559968,127
691559968,1
691035680,127
691035680,0
691035680,1
690511392,127
690511392,0
689987104,127
689987104,0
689987104,1
689462816,127
689462816,0
689462816,1
688938528,2
688938528,127
688938528,0
688938528,1
692084256,255
692084256,128
691559968,255
691559968,128
691035680,255
691035680,128
689987104,255
689987104,128
689462816,255
689462816,254
689462816,128
689462816,129
688938528,254
688938528,255
688414240,255
688414240,128
692084256,256
692084256,383
692084256,382
692084256,309
692084256,310
691559968,256
691559968,383
691559968,314
691559968,315
691035680,383
690511392,383
689987104,256
689987104,383
689987104,382
689462816,256
689462816,383
688938528,256
688938528,383
692100640,0
691576352,0
691052064,127
691052064,0
690527776,127
690527776,119
690527776,117
690003488,0
690003488,1
689479200,127
689479200,0
688954912,0
691576352,255
691052064,128
690527776,129
690527776,244
690527776,142
690527776,144
690527776,154
690003488,255
690003488,128
689479200,255
689479200,254
689479200,128
688430624,255
692100640,278
692100640,279
691576352,383
691052064,383
690527776,383
690003488,256
690003488,383
690003488,382
689479200,257
689479200,256
689479200,383
691035936,0
690511648,0
689987360,127
689987360,0
689463072,0
688414496,119
689987360,128
689987360,129
689463072,255
691035936,383
690511648,383
689987360,383
688414496,287
688414496,286
691052320,0
688955168,127
690528032,157
690528032,225
689479456,255
691052320,381
691052320,256
691052320,383
690528032,383
690003744,383
689479456,366
689479456,383
688430880,287
692084768,0
691560480,8
691560480,9
691560480,4
691560480,2
691560480,0
691560480,1
691036192,0
690511904,0
690511904,1
689987616,0
689463328,127
689463328,0
689463328,1
688939040,0
688414752,127
688414752,126
688414752,0
688414752,1
692084768,253
691560480,128
691036192,255
691036192,128
690511904,255
690511904,128
689987616,230
689987616,237
689987616,128
689463328,255
689463328,254
689463328,128
689463328,129
692084768,383
691560480,256
691560480,383
691036192,383
689987616,383
689987616,382
689463328,256
689463328,383
689463328,382
688939040,256
688939040,383
688414752,256
688414752,382
692101152,0
691576864,0
691052576,0
690528288,0
690004000,0
690004000,1
689479712,127
689479712,0
689479712,1
688955424,0
688955424,1
692101152,128
691576864,255
691576864,128
691052576,255
691052576,128
690528288,128
690004000,255
690004000,128
689479712,255
689479712,128
689479712,129
688431136,255
692101152,383
692101152,382
691576864,383
691052576,383
690528288,381
690528288,383
690528288,382
690004000,256
690004000,383
690004000,382
689479712,256
689479712,383
688955424,383
691036448,0
690512160,0
690512160,1
689987872,0
689987872,128
689463584,128
688415008,255
688415008,128
691036448,381
691036448,383
690512160,383
689987872,383
692101408,0
691577120,0
691052832,0
690528544,0
690004256,127
690004256,0
689479968,127
689479968,0
689479968,1
688955680,127
688955680,126
688955680,0
692101408,255
692101408,128
691577120,128
691052832,128
690004256,255
690004256,128
689479968,255
689479968,128
691577120,383
691052832,383
690528544,383
690528544,382
690004256,383
689479968,383
688431392,383
691560992,0
691560992,1
691036704,0
689988128,127
689988128,0
689988128,1
689463840,127
689463840,0
688939552,0
688415264,0
692085280,255
691560992,128
691036704,255
691036704,128
689988128,255
689988128,128
689463840,255
689463840,254
689463840,128
689463840,129
688415264,255
691560992,383
691560992,382
691036704,383
689988128,256
689988128,383
689463840,373
689463840,256
689463840,383
689463840,382
688939552,383
688415264,379
692101664,2
692101664,0
692101664,1
691577376,127
691577376,0
691577376,1
691053088,127
691053088,0
691053088,1
690528800,0
690004512,127
690004512,0
690004512,1
689480224,127
689480224,0
689480224,1
688955936,0
688431648,127
688431648,0
692101664,255
691577376,255
691577376,128
691577376,191
691053088,255
691053088,128
690528800,144
690528800,154
690004512,255
689480224,255
689480224,254
689480224,128
688431648,255
688431648,128
691577376,256
691577376,383
691053088,256
691053088,383
691053088,382
690004512,256
690004512,383
689480224,256
689480224,383
688955936,256
688955936,257
688955936,383
688955936,258
688955936,259
688955936,260
688955936,261
688955936,262
688955936,263
688955936,264
688955936,265
688955936,266
688431648,383
691036960,0
690512672,0
689988384,0
689988384,1
689464096,0
689464096,1
689464096,2
689464096,3
689464096,4
689464096,5
689464096,6
689464096,8
689464096,10
692085536,255
691036960,255
691036960,128
690512672,128
689464096,255
689464096,128
688415520,128
691036960,383
691036960,382
690512672,379
689988384,383
689464096,383
692101920,0
691577632,0
691053344,0
690529056,0
690004768,127
690004768,0
689480480,127
689480480,0
688431904,0
691577632,255
691577632,128
691053344,128
690004768,255
690004768,128
688431904,255
692101920,383
691053344,383
690529056,379
690529056,383
690004768,383
689480480,383
692084258,0
691559970,0
691035682,0
690511394,0
689987106,0
689462818,127
689462818,0
689462818,1
688938530,0
688414242,0
692084258,255
691559970,255
691559970,128
691035682,255
691035682,128
689987106,255
689987106,128
689462818,255
689462818,254
689462818,128
689462818,129
692084258,383
691559970,382
691559970,381
691035682,358
691035682,363
691035682,367
691035682,368
691035682,373
691035682,379
691035682,256
690511394,383
689987106,383
689987106,382
689462818,256
689462818,383
688938530,256
688938530,383
688414242,383
692100642,29
692100642,0
691576354,0
691052066,127
691052066,0
690527778,0
690003490,0
689479202,127
689479202,0
689479202,1
688954914,4
688954914,3
688954914,126
688954914,127
688430626,127
688430626,4
692100642,255
689479202,255
689479202,254
689479202,128
688954914,254
688954914,255
688430626,255
688430626,128
692100642,383
688430626,297
688430626,383
691560226,0
689987362,127
689987362,0
689987362,1
689463074,127
689463074,1
689463074,2
691560226,255
691035938,383
690511650,381
690511650,383
689987362,381
689987362,383
689463074,383
692100898,0
691576610,0
691052322,0
690528034,0
690528034,2
690003746,127
690003746,0
689479458,127
689479458,0
688955170,127
688955170,0
688430882,127
688430882,0
692100898,255
692100898,128
691576610,255
691576610,128
691052322,255
691052322,128
690528034,255
690003746,255
690003746,128
689479458,255
689479458,128
688430882,255
688430882,128
691576610,383
691052322,383
691052322,382
690528034,383
690003746,256
690003746,383
689479458,256
689479458,383
689479458,382
688955170,383
688430882,383
692084770,0
692084770,1
691560482,0
691560482,1
691036194,127
691036194,0
691036194,1
690511906,0
690511906,1
690511906,3
689987618,127
689987618,0
689987618,1
689463330,127
689463330,0
689463330,1
689463330,13
689463330,14
688939042,0
688939042,1
688414754,0
692084770,255
692084770,128
691560482,255
691560482,128
691036194,255
691036194,128
690511906,255
690511906,128
689987618,255
689987618,128
689463330,255
689463330,254
689463330,128
689463330,129
688414754,255
688414754,128
692084770,383
691560482,383
691036194,383
691036194,382
690511906,377
690511906,378
689987618,256
689987618,380
689987618,379
689463330,256
689463330,383
689463330,382
688939042,256
688939042,383
688414754,375
691036450,0
690512162,0
689987874,127
689987874,0
688415010,0
692085026,255
692085026,128
691560738,128
688939298,226
688415010,255
691036450,383
690512162,383
689987874,383
691577122,0
691052834,127
691052834,0
691052834,1
690528546,127
690528546,0
690004258,127
690004258,0
690004258,1
689479970,127
689479970,0
688955682,127
688955682,0
688431394,127
688431394,0
692101410,255
692101410,128
691577122,255
691577122,129
691052834,255
691052834,128
690004258,255
690004258,128
689479970,255
689479970,128
688431394,255
688431394,254
688431394,128
692101410,383
691052834,383
691052834,382
690528546,381
690528546,383
690528546,382
690004258,256
690004258,383
690004258,382
689479970,383
688431394,383
692085282,0
692085282,1
691560994,0
691560994,1
691036706,127
691036706,0
691036706,1
690512418,127
690512418,0
689988130,127
689988130,0
689988130,1
689463842,127
689463842,0
689463842,1
688939554,2
688939554,0
688939554,1
688415266,0
692085282,255
692085282,128
691560994,255
691560994,128
691036706,255
691036706,128
690512418,255
690512418,128
690512418,129
690512418,244
690512418,242
690512418,144
690512418,234
690512418,232
690512418,152
690512418,154
690512418,217
690512418,207
689988130,161
689988130,160
689988130,230
689988130,151
689988130,237
689988130,144
689988130,143
689463842,255
689463842,254
689463842,128
689463842,129
688939554,255
688415266,255
688415266,128
692085282,256
692085282,383
691560994,256
691560994,383
691036706,381
691036706,256
691036706,383
690512418,259
690512418,383
689988130,256
689988130,383
689463842,256
689463842,383
688939554,256
688939554,257
688939554,383
688415266,383
688415266,382
692101666,0
691577378,4
691577378,127
691577378,0
691053090,127
691053090,0
690528802,127
690528802,0
690528802,117
690004514,127
690004514,0
690004514,1
689480226,127
689480226,126
689480226,0
689480226,1
688955938,2
688955938,0
688431650,1
691577378,255
691577378,128
691053090,255
691053090,128
690528802,142
690528802,144
690528802,154
689480226,255
689480226,254
689480226,128
689480226,129
688431650,255
688431650,128
692101666,256
692101666,383
691577378,383
691577378,382
691053090,381
691053090,256
691053090,383
690528802,383
690004514,256
690004514,383
689480226,256
689480226,383
688955938,256
688955938,383
688431650,383
688431650,382
692085538,0
691561250,2
691561250,0
691036962,127
691036962,5
691036962,12
691036962,13
690512674,0
689988386,127
689988386,0
689464098,127
689464098,0
689464098,68
689464098,67
688939810,127
688939810,0
688939810,43
688939810,44
688415522,127
688415522,126
688415522,2
688415522,4
692085538,255
692085538,128
691561250,255
691561250,128
691561250,224
691561250,223
691561250,170
691561250,171
691036962,255
691036962,128
690512674,231
690512674,230
689988386,255
689988386,128
689464098,255
689464098,212
689464098,211
688415522,255
688415522,128
688415522,173
688415522,174
692085538,382
692085538,381
691036962,383
690512674,338
690512674,339
690512674,340
690512674,341
690512674,383
689988386,381
689988386,382
689464098,256
689464098,383
692101922,65
692101922,66
692101922,0
691577634,0
691053346,0
690529058,0
690004770,127
690004770,0
689480482,127
689480482,0
689480482,1
688956194,127
688956194,0
691053346,255
691053346,128
689480482,251
689480482,132
689480482,248
689480482,139
689480482,154
689480482,221
689480482,220
689480482,165
689480482,207
689480482,206
689480482,187
689480482,193
692101922,379
691577634,383
691577634,349
691577634,348
691053346,379
691053346,381
691053346,383
690529058,383
